(kicad_pcb (version 20171130) (host pcbnew "(5.1.9)-1")

  (general
    (thickness 1.6)
    (drawings 37)
    (tracks 470)
    (zones 0)
    (modules 42)
    (nets 42)
  )

  (page A4)
  (layers
    (0 F.Cu signal)
    (31 B.Cu signal)
    (32 B.Adhes user)
    (33 F.Adhes user)
    (34 B.Paste user)
    (35 F.Paste user)
    (36 B.SilkS user)
    (37 F.SilkS user)
    (38 B.Mask user)
    (39 F.Mask user)
    (40 Dwgs.User user)
    (41 Cmts.User user)
    (42 Eco1.User user)
    (43 Eco2.User user)
    (44 Edge.Cuts user)
    (45 Margin user)
    (46 B.CrtYd user)
    (47 F.CrtYd user)
    (48 B.Fab user hide)
    (49 F.Fab user hide)
  )

  (setup
    (last_trace_width 0.25)
    (user_trace_width 0.25)
    (user_trace_width 0.3)
    (user_trace_width 0.5)
    (user_trace_width 0.75)
    (user_trace_width 1)
    (trace_clearance 0.2)
    (zone_clearance 0.508)
    (zone_45_only no)
    (trace_min 0.2)
    (via_size 0.8)
    (via_drill 0.4)
    (via_min_size 0.4)
    (via_min_drill 0.3)
    (user_via 1 0.5)
    (user_via 1.5 0.75)
    (uvia_size 0.3)
    (uvia_drill 0.1)
    (uvias_allowed no)
    (uvia_min_size 0.2)
    (uvia_min_drill 0.1)
    (edge_width 0.05)
    (segment_width 0.2)
    (pcb_text_width 0.3)
    (pcb_text_size 1.5 1.5)
    (mod_edge_width 0.12)
    (mod_text_size 1 1)
    (mod_text_width 0.15)
    (pad_size 1.524 1.524)
    (pad_drill 0.762)
    (pad_to_mask_clearance 0)
    (aux_axis_origin 0 0)
    (visible_elements 7FFFF7FF)
    (pcbplotparams
      (layerselection 0x010fc_ffffffff)
      (usegerberextensions false)
      (usegerberattributes true)
      (usegerberadvancedattributes true)
      (creategerberjobfile true)
      (excludeedgelayer true)
      (linewidth 0.100000)
      (plotframeref false)
      (viasonmask false)
      (mode 1)
      (useauxorigin false)
      (hpglpennumber 1)
      (hpglpenspeed 20)
      (hpglpendiameter 15.000000)
      (psnegative false)
      (psa4output false)
      (plotreference true)
      (plotvalue true)
      (plotinvisibletext false)
      (padsonsilk false)
      (subtractmaskfromsilk false)
      (outputformat 1)
      (mirror false)
      (drillshape 1)
      (scaleselection 1)
      (outputdirectory ""))
  )

  (net 0 "")
  (net 1 VDD)
  (net 2 GND)
  (net 3 BUT1)
  (net 4 NRST)
  (net 5 7,4V)
  (net 6 +5V)
  (net 7 "Net-(J1-Pad2)")
  (net 8 SWDIO)
  (net 9 SWCLK)
  (net 10 TXD)
  (net 11 RXD)
  (net 12 BO1)
  (net 13 BO2)
  (net 14 AO2)
  (net 15 AO1)
  (net 16 PWM2)
  (net 17 BIN2)
  (net 18 BIN1)
  (net 19 AIN1)
  (net 20 AIN2)
  (net 21 PWM1)
  (net 22 ENCODER12)
  (net 23 ENCODER11)
  (net 24 ENCODER21)
  (net 25 ENCODER22)
  (net 26 ADC1_IN3)
  (net 27 ADC1_IN4)
  (net 28 ADC1_IN5)
  (net 29 ADC1_IN6)
  (net 30 ADC1_IN7)
  (net 31 ADC1_IN8)
  (net 32 "Net-(Q1-Pad2)")
  (net 33 "Net-(Q1-Pad1)")
  (net 34 "Net-(Q2-Pad1)")
  (net 35 "Net-(R4-Pad2)")
  (net 36 "Net-(D1-Pad2)")
  (net 37 "Net-(D2-Pad2)")
  (net 38 LED1)
  (net 39 ADC1_IN15)
  (net 40 ADC1_IN14)
  (net 41 "Net-(C6-Pad1)")

  (net_class Default "This is the default net class."
    (clearance 0.2)
    (trace_width 0.25)
    (via_dia 0.8)
    (via_drill 0.4)
    (uvia_dia 0.3)
    (uvia_drill 0.1)
    (add_net +5V)
    (add_net 7,4V)
    (add_net ADC1_IN14)
    (add_net ADC1_IN15)
    (add_net ADC1_IN3)
    (add_net ADC1_IN4)
    (add_net ADC1_IN5)
    (add_net ADC1_IN6)
    (add_net ADC1_IN7)
    (add_net ADC1_IN8)
    (add_net AIN1)
    (add_net AIN2)
    (add_net AO1)
    (add_net AO2)
    (add_net BIN1)
    (add_net BIN2)
    (add_net BO1)
    (add_net BO2)
    (add_net BUT1)
    (add_net ENCODER11)
    (add_net ENCODER12)
    (add_net ENCODER21)
    (add_net ENCODER22)
    (add_net GND)
    (add_net LED1)
    (add_net NRST)
    (add_net "Net-(C6-Pad1)")
    (add_net "Net-(D1-Pad2)")
    (add_net "Net-(D2-Pad2)")
    (add_net "Net-(J1-Pad2)")
    (add_net "Net-(J3-Pad1)")
    (add_net "Net-(J3-Pad6)")
    (add_net "Net-(Q1-Pad1)")
    (add_net "Net-(Q1-Pad2)")
    (add_net "Net-(Q2-Pad1)")
    (add_net "Net-(R4-Pad2)")
    (add_net "Net-(U3-Pad10)")
    (add_net "Net-(U3-Pad11)")
    (add_net "Net-(U3-Pad15)")
    (add_net "Net-(U3-Pad16)")
    (add_net "Net-(U3-Pad2)")
    (add_net "Net-(U3-Pad27)")
    (add_net "Net-(U3-Pad28)")
    (add_net "Net-(U3-Pad29)")
    (add_net "Net-(U3-Pad3)")
    (add_net "Net-(U3-Pad39)")
    (add_net "Net-(U3-Pad4)")
    (add_net "Net-(U3-Pad40)")
    (add_net "Net-(U3-Pad45)")
    (add_net "Net-(U3-Pad5)")
    (add_net "Net-(U3-Pad51)")
    (add_net "Net-(U3-Pad52)")
    (add_net "Net-(U3-Pad53)")
    (add_net "Net-(U3-Pad54)")
    (add_net "Net-(U3-Pad55)")
    (add_net "Net-(U3-Pad56)")
    (add_net "Net-(U3-Pad57)")
    (add_net "Net-(U3-Pad6)")
    (add_net "Net-(U3-Pad61)")
    (add_net "Net-(U3-Pad62)")
    (add_net "Net-(U3-Pad8)")
    (add_net "Net-(U3-Pad9)")
    (add_net PWM1)
    (add_net PWM2)
    (add_net RXD)
    (add_net SWCLK)
    (add_net SWDIO)
    (add_net TXD)
    (add_net VDD)
  )

  (module Connector_PinSocket_2.54mm:PinSocket_1x08_P2.54mm_Vertical (layer F.Cu) (tedit 5A19A420) (tstamp 6095E1A1)
    (at 181.45 121.804999 90)
    (descr "Through hole straight socket strip, 1x08, 2.54mm pitch, single row (from Kicad 4.0.7), script generated")
    (tags "Through hole socket strip THT 1x08 2.54mm single row")
    (path /608EFB55/60A344BE)
    (fp_text reference J5 (at 0 -2.77 90) (layer F.SilkS)
      (effects (font (size 1 1) (thickness 0.15)))
    )
    (fp_text value Conn_01x08 (at 0 20.55 90) (layer F.Fab)
      (effects (font (size 1 1) (thickness 0.15)))
    )
    (fp_line (start -1.8 19.55) (end -1.8 -1.8) (layer F.CrtYd) (width 0.05))
    (fp_line (start 1.75 19.55) (end -1.8 19.55) (layer F.CrtYd) (width 0.05))
    (fp_line (start 1.75 -1.8) (end 1.75 19.55) (layer F.CrtYd) (width 0.05))
    (fp_line (start -1.8 -1.8) (end 1.75 -1.8) (layer F.CrtYd) (width 0.05))
    (fp_line (start 0 -1.33) (end 1.33 -1.33) (layer F.SilkS) (width 0.12))
    (fp_line (start 1.33 -1.33) (end 1.33 0) (layer F.SilkS) (width 0.12))
    (fp_line (start 1.33 1.27) (end 1.33 19.11) (layer F.SilkS) (width 0.12))
    (fp_line (start -1.33 19.11) (end 1.33 19.11) (layer F.SilkS) (width 0.12))
    (fp_line (start -1.33 1.27) (end -1.33 19.11) (layer F.SilkS) (width 0.12))
    (fp_line (start -1.33 1.27) (end 1.33 1.27) (layer F.SilkS) (width 0.12))
    (fp_line (start -1.27 19.05) (end -1.27 -1.27) (layer F.Fab) (width 0.1))
    (fp_line (start 1.27 19.05) (end -1.27 19.05) (layer F.Fab) (width 0.1))
    (fp_line (start 1.27 -0.635) (end 1.27 19.05) (layer F.Fab) (width 0.1))
    (fp_line (start 0.635 -1.27) (end 1.27 -0.635) (layer F.Fab) (width 0.1))
    (fp_line (start -1.27 -1.27) (end 0.635 -1.27) (layer F.Fab) (width 0.1))
    (fp_text user %R (at 0 8.89) (layer F.Fab)
      (effects (font (size 1 1) (thickness 0.15)))
    )
    (pad 8 thru_hole oval (at 0 17.78 90) (size 1.7 1.7) (drill 1) (layers *.Cu *.Mask)
      (net 21 PWM1))
    (pad 7 thru_hole oval (at 0 15.24 90) (size 1.7 1.7) (drill 1) (layers *.Cu *.Mask)
      (net 20 AIN2))
    (pad 6 thru_hole oval (at 0 12.7 90) (size 1.7 1.7) (drill 1) (layers *.Cu *.Mask)
      (net 19 AIN1))
    (pad 5 thru_hole oval (at 0 10.16 90) (size 1.7 1.7) (drill 1) (layers *.Cu *.Mask)
      (net 1 VDD))
    (pad 4 thru_hole oval (at 0 7.62 90) (size 1.7 1.7) (drill 1) (layers *.Cu *.Mask)
      (net 18 BIN1))
    (pad 3 thru_hole oval (at 0 5.08 90) (size 1.7 1.7) (drill 1) (layers *.Cu *.Mask)
      (net 17 BIN2))
    (pad 2 thru_hole oval (at 0 2.54 90) (size 1.7 1.7) (drill 1) (layers *.Cu *.Mask)
      (net 16 PWM2))
    (pad 1 thru_hole rect (at 0 0 90) (size 1.7 1.7) (drill 1) (layers *.Cu *.Mask)
      (net 2 GND))
    (model ${KISYS3DMOD}/Connector_PinSocket_2.54mm.3dshapes/PinSocket_1x08_P2.54mm_Vertical.wrl
      (at (xyz 0 0 0))
      (scale (xyz 1 1 1))
      (rotate (xyz 0 0 0))
    )
  )

  (module Package_QFP:LQFP-64_10x10mm_P0.5mm (layer F.Cu) (tedit 5D9F72AF) (tstamp 6099C779)
    (at 164.475001 110.475001)
    (descr "LQFP, 64 Pin (https://www.analog.com/media/en/technical-documentation/data-sheets/ad7606_7606-6_7606-4.pdf), generated with kicad-footprint-generator ipc_gullwing_generator.py")
    (tags "LQFP QFP")
    (path /608EFA7F/6099B277)
    (attr smd)
    (fp_text reference U3 (at 0 -7.4) (layer F.SilkS)
      (effects (font (size 1 1) (thickness 0.15)))
    )
    (fp_text value STM32F401RCTx (at 0 7.4) (layer F.Fab)
      (effects (font (size 1 1) (thickness 0.15)))
    )
    (fp_line (start 4.16 5.11) (end 5.11 5.11) (layer F.SilkS) (width 0.12))
    (fp_line (start 5.11 5.11) (end 5.11 4.16) (layer F.SilkS) (width 0.12))
    (fp_line (start -4.16 5.11) (end -5.11 5.11) (layer F.SilkS) (width 0.12))
    (fp_line (start -5.11 5.11) (end -5.11 4.16) (layer F.SilkS) (width 0.12))
    (fp_line (start 4.16 -5.11) (end 5.11 -5.11) (layer F.SilkS) (width 0.12))
    (fp_line (start 5.11 -5.11) (end 5.11 -4.16) (layer F.SilkS) (width 0.12))
    (fp_line (start -4.16 -5.11) (end -5.11 -5.11) (layer F.SilkS) (width 0.12))
    (fp_line (start -5.11 -5.11) (end -5.11 -4.16) (layer F.SilkS) (width 0.12))
    (fp_line (start -5.11 -4.16) (end -6.45 -4.16) (layer F.SilkS) (width 0.12))
    (fp_line (start -4 -5) (end 5 -5) (layer F.Fab) (width 0.1))
    (fp_line (start 5 -5) (end 5 5) (layer F.Fab) (width 0.1))
    (fp_line (start 5 5) (end -5 5) (layer F.Fab) (width 0.1))
    (fp_line (start -5 5) (end -5 -4) (layer F.Fab) (width 0.1))
    (fp_line (start -5 -4) (end -4 -5) (layer F.Fab) (width 0.1))
    (fp_line (start 0 -6.7) (end -4.15 -6.7) (layer F.CrtYd) (width 0.05))
    (fp_line (start -4.15 -6.7) (end -4.15 -5.25) (layer F.CrtYd) (width 0.05))
    (fp_line (start -4.15 -5.25) (end -5.25 -5.25) (layer F.CrtYd) (width 0.05))
    (fp_line (start -5.25 -5.25) (end -5.25 -4.15) (layer F.CrtYd) (width 0.05))
    (fp_line (start -5.25 -4.15) (end -6.7 -4.15) (layer F.CrtYd) (width 0.05))
    (fp_line (start -6.7 -4.15) (end -6.7 0) (layer F.CrtYd) (width 0.05))
    (fp_line (start 0 -6.7) (end 4.15 -6.7) (layer F.CrtYd) (width 0.05))
    (fp_line (start 4.15 -6.7) (end 4.15 -5.25) (layer F.CrtYd) (width 0.05))
    (fp_line (start 4.15 -5.25) (end 5.25 -5.25) (layer F.CrtYd) (width 0.05))
    (fp_line (start 5.25 -5.25) (end 5.25 -4.15) (layer F.CrtYd) (width 0.05))
    (fp_line (start 5.25 -4.15) (end 6.7 -4.15) (layer F.CrtYd) (width 0.05))
    (fp_line (start 6.7 -4.15) (end 6.7 0) (layer F.CrtYd) (width 0.05))
    (fp_line (start 0 6.7) (end -4.15 6.7) (layer F.CrtYd) (width 0.05))
    (fp_line (start -4.15 6.7) (end -4.15 5.25) (layer F.CrtYd) (width 0.05))
    (fp_line (start -4.15 5.25) (end -5.25 5.25) (layer F.CrtYd) (width 0.05))
    (fp_line (start -5.25 5.25) (end -5.25 4.15) (layer F.CrtYd) (width 0.05))
    (fp_line (start -5.25 4.15) (end -6.7 4.15) (layer F.CrtYd) (width 0.05))
    (fp_line (start -6.7 4.15) (end -6.7 0) (layer F.CrtYd) (width 0.05))
    (fp_line (start 0 6.7) (end 4.15 6.7) (layer F.CrtYd) (width 0.05))
    (fp_line (start 4.15 6.7) (end 4.15 5.25) (layer F.CrtYd) (width 0.05))
    (fp_line (start 4.15 5.25) (end 5.25 5.25) (layer F.CrtYd) (width 0.05))
    (fp_line (start 5.25 5.25) (end 5.25 4.15) (layer F.CrtYd) (width 0.05))
    (fp_line (start 5.25 4.15) (end 6.7 4.15) (layer F.CrtYd) (width 0.05))
    (fp_line (start 6.7 4.15) (end 6.7 0) (layer F.CrtYd) (width 0.05))
    (fp_text user %R (at 0 0) (layer F.Fab)
      (effects (font (size 1 1) (thickness 0.15)))
    )
    (pad 1 smd roundrect (at -5.675 -3.75) (size 1.55 0.3) (layers F.Cu F.Paste F.Mask) (roundrect_rratio 0.25)
      (net 1 VDD))
    (pad 2 smd roundrect (at -5.675 -3.25) (size 1.55 0.3) (layers F.Cu F.Paste F.Mask) (roundrect_rratio 0.25))
    (pad 3 smd roundrect (at -5.675 -2.75) (size 1.55 0.3) (layers F.Cu F.Paste F.Mask) (roundrect_rratio 0.25))
    (pad 4 smd roundrect (at -5.675 -2.25) (size 1.55 0.3) (layers F.Cu F.Paste F.Mask) (roundrect_rratio 0.25))
    (pad 5 smd roundrect (at -5.675 -1.75) (size 1.55 0.3) (layers F.Cu F.Paste F.Mask) (roundrect_rratio 0.25))
    (pad 6 smd roundrect (at -5.675 -1.25) (size 1.55 0.3) (layers F.Cu F.Paste F.Mask) (roundrect_rratio 0.25))
    (pad 7 smd roundrect (at -5.675 -0.75) (size 1.55 0.3) (layers F.Cu F.Paste F.Mask) (roundrect_rratio 0.25)
      (net 4 NRST))
    (pad 8 smd roundrect (at -5.675 -0.25) (size 1.55 0.3) (layers F.Cu F.Paste F.Mask) (roundrect_rratio 0.25))
    (pad 9 smd roundrect (at -5.675 0.25) (size 1.55 0.3) (layers F.Cu F.Paste F.Mask) (roundrect_rratio 0.25))
    (pad 10 smd roundrect (at -5.675 0.75) (size 1.55 0.3) (layers F.Cu F.Paste F.Mask) (roundrect_rratio 0.25))
    (pad 11 smd roundrect (at -5.675 1.25) (size 1.55 0.3) (layers F.Cu F.Paste F.Mask) (roundrect_rratio 0.25))
    (pad 12 smd roundrect (at -5.675 1.75) (size 1.55 0.3) (layers F.Cu F.Paste F.Mask) (roundrect_rratio 0.25)
      (net 2 GND))
    (pad 13 smd roundrect (at -5.675 2.25) (size 1.55 0.3) (layers F.Cu F.Paste F.Mask) (roundrect_rratio 0.25)
      (net 1 VDD))
    (pad 14 smd roundrect (at -5.675 2.75) (size 1.55 0.3) (layers F.Cu F.Paste F.Mask) (roundrect_rratio 0.25)
      (net 3 BUT1))
    (pad 15 smd roundrect (at -5.675 3.25) (size 1.55 0.3) (layers F.Cu F.Paste F.Mask) (roundrect_rratio 0.25))
    (pad 16 smd roundrect (at -5.675 3.75) (size 1.55 0.3) (layers F.Cu F.Paste F.Mask) (roundrect_rratio 0.25))
    (pad 17 smd roundrect (at -3.75 5.675) (size 0.3 1.55) (layers F.Cu F.Paste F.Mask) (roundrect_rratio 0.25)
      (net 26 ADC1_IN3))
    (pad 18 smd roundrect (at -3.25 5.675) (size 0.3 1.55) (layers F.Cu F.Paste F.Mask) (roundrect_rratio 0.25)
      (net 2 GND))
    (pad 19 smd roundrect (at -2.75 5.675) (size 0.3 1.55) (layers F.Cu F.Paste F.Mask) (roundrect_rratio 0.25)
      (net 1 VDD))
    (pad 20 smd roundrect (at -2.25 5.675) (size 0.3 1.55) (layers F.Cu F.Paste F.Mask) (roundrect_rratio 0.25)
      (net 27 ADC1_IN4))
    (pad 21 smd roundrect (at -1.75 5.675) (size 0.3 1.55) (layers F.Cu F.Paste F.Mask) (roundrect_rratio 0.25)
      (net 28 ADC1_IN5))
    (pad 22 smd roundrect (at -1.25 5.675) (size 0.3 1.55) (layers F.Cu F.Paste F.Mask) (roundrect_rratio 0.25)
      (net 29 ADC1_IN6))
    (pad 23 smd roundrect (at -0.75 5.675) (size 0.3 1.55) (layers F.Cu F.Paste F.Mask) (roundrect_rratio 0.25)
      (net 30 ADC1_IN7))
    (pad 24 smd roundrect (at -0.25 5.675) (size 0.3 1.55) (layers F.Cu F.Paste F.Mask) (roundrect_rratio 0.25)
      (net 40 ADC1_IN14))
    (pad 25 smd roundrect (at 0.25 5.675) (size 0.3 1.55) (layers F.Cu F.Paste F.Mask) (roundrect_rratio 0.25)
      (net 39 ADC1_IN15))
    (pad 26 smd roundrect (at 0.75 5.675) (size 0.3 1.55) (layers F.Cu F.Paste F.Mask) (roundrect_rratio 0.25)
      (net 31 ADC1_IN8))
    (pad 27 smd roundrect (at 1.25 5.675) (size 0.3 1.55) (layers F.Cu F.Paste F.Mask) (roundrect_rratio 0.25))
    (pad 28 smd roundrect (at 1.75 5.675) (size 0.3 1.55) (layers F.Cu F.Paste F.Mask) (roundrect_rratio 0.25))
    (pad 29 smd roundrect (at 2.25 5.675) (size 0.3 1.55) (layers F.Cu F.Paste F.Mask) (roundrect_rratio 0.25))
    (pad 30 smd roundrect (at 2.75 5.675) (size 0.3 1.55) (layers F.Cu F.Paste F.Mask) (roundrect_rratio 0.25)
      (net 41 "Net-(C6-Pad1)"))
    (pad 31 smd roundrect (at 3.25 5.675) (size 0.3 1.55) (layers F.Cu F.Paste F.Mask) (roundrect_rratio 0.25)
      (net 2 GND))
    (pad 32 smd roundrect (at 3.75 5.675) (size 0.3 1.55) (layers F.Cu F.Paste F.Mask) (roundrect_rratio 0.25)
      (net 1 VDD))
    (pad 33 smd roundrect (at 5.675 3.75) (size 1.55 0.3) (layers F.Cu F.Paste F.Mask) (roundrect_rratio 0.25)
      (net 17 BIN2))
    (pad 34 smd roundrect (at 5.675 3.25) (size 1.55 0.3) (layers F.Cu F.Paste F.Mask) (roundrect_rratio 0.25)
      (net 18 BIN1))
    (pad 35 smd roundrect (at 5.675 2.75) (size 1.55 0.3) (layers F.Cu F.Paste F.Mask) (roundrect_rratio 0.25)
      (net 19 AIN1))
    (pad 36 smd roundrect (at 5.675 2.25) (size 1.55 0.3) (layers F.Cu F.Paste F.Mask) (roundrect_rratio 0.25)
      (net 20 AIN2))
    (pad 37 smd roundrect (at 5.675 1.75) (size 1.55 0.3) (layers F.Cu F.Paste F.Mask) (roundrect_rratio 0.25)
      (net 22 ENCODER12))
    (pad 38 smd roundrect (at 5.675 1.25) (size 1.55 0.3) (layers F.Cu F.Paste F.Mask) (roundrect_rratio 0.25)
      (net 23 ENCODER11))
    (pad 39 smd roundrect (at 5.675 0.75) (size 1.55 0.3) (layers F.Cu F.Paste F.Mask) (roundrect_rratio 0.25))
    (pad 40 smd roundrect (at 5.675 0.25) (size 1.55 0.3) (layers F.Cu F.Paste F.Mask) (roundrect_rratio 0.25))
    (pad 41 smd roundrect (at 5.675 -0.25) (size 1.55 0.3) (layers F.Cu F.Paste F.Mask) (roundrect_rratio 0.25)
      (net 38 LED1))
    (pad 42 smd roundrect (at 5.675 -0.75) (size 1.55 0.3) (layers F.Cu F.Paste F.Mask) (roundrect_rratio 0.25)
      (net 11 RXD))
    (pad 43 smd roundrect (at 5.675 -1.25) (size 1.55 0.3) (layers F.Cu F.Paste F.Mask) (roundrect_rratio 0.25)
      (net 10 TXD))
    (pad 44 smd roundrect (at 5.675 -1.75) (size 1.55 0.3) (layers F.Cu F.Paste F.Mask) (roundrect_rratio 0.25)
      (net 16 PWM2))
    (pad 45 smd roundrect (at 5.675 -2.25) (size 1.55 0.3) (layers F.Cu F.Paste F.Mask) (roundrect_rratio 0.25))
    (pad 46 smd roundrect (at 5.675 -2.75) (size 1.55 0.3) (layers F.Cu F.Paste F.Mask) (roundrect_rratio 0.25)
      (net 8 SWDIO))
    (pad 47 smd roundrect (at 5.675 -3.25) (size 1.55 0.3) (layers F.Cu F.Paste F.Mask) (roundrect_rratio 0.25)
      (net 2 GND))
    (pad 48 smd roundrect (at 5.675 -3.75) (size 1.55 0.3) (layers F.Cu F.Paste F.Mask) (roundrect_rratio 0.25)
      (net 1 VDD))
    (pad 49 smd roundrect (at 3.75 -5.675) (size 0.3 1.55) (layers F.Cu F.Paste F.Mask) (roundrect_rratio 0.25)
      (net 9 SWCLK))
    (pad 50 smd roundrect (at 3.25 -5.675) (size 0.3 1.55) (layers F.Cu F.Paste F.Mask) (roundrect_rratio 0.25)
      (net 21 PWM1))
    (pad 51 smd roundrect (at 2.75 -5.675) (size 0.3 1.55) (layers F.Cu F.Paste F.Mask) (roundrect_rratio 0.25))
    (pad 52 smd roundrect (at 2.25 -5.675) (size 0.3 1.55) (layers F.Cu F.Paste F.Mask) (roundrect_rratio 0.25))
    (pad 53 smd roundrect (at 1.75 -5.675) (size 0.3 1.55) (layers F.Cu F.Paste F.Mask) (roundrect_rratio 0.25))
    (pad 54 smd roundrect (at 1.25 -5.675) (size 0.3 1.55) (layers F.Cu F.Paste F.Mask) (roundrect_rratio 0.25))
    (pad 55 smd roundrect (at 0.75 -5.675) (size 0.3 1.55) (layers F.Cu F.Paste F.Mask) (roundrect_rratio 0.25))
    (pad 56 smd roundrect (at 0.25 -5.675) (size 0.3 1.55) (layers F.Cu F.Paste F.Mask) (roundrect_rratio 0.25))
    (pad 57 smd roundrect (at -0.25 -5.675) (size 0.3 1.55) (layers F.Cu F.Paste F.Mask) (roundrect_rratio 0.25))
    (pad 58 smd roundrect (at -0.75 -5.675) (size 0.3 1.55) (layers F.Cu F.Paste F.Mask) (roundrect_rratio 0.25)
      (net 24 ENCODER21))
    (pad 59 smd roundrect (at -1.25 -5.675) (size 0.3 1.55) (layers F.Cu F.Paste F.Mask) (roundrect_rratio 0.25)
      (net 25 ENCODER22))
    (pad 60 smd roundrect (at -1.75 -5.675) (size 0.3 1.55) (layers F.Cu F.Paste F.Mask) (roundrect_rratio 0.25)
      (net 2 GND))
    (pad 61 smd roundrect (at -2.25 -5.675) (size 0.3 1.55) (layers F.Cu F.Paste F.Mask) (roundrect_rratio 0.25))
    (pad 62 smd roundrect (at -2.75 -5.675) (size 0.3 1.55) (layers F.Cu F.Paste F.Mask) (roundrect_rratio 0.25))
    (pad 63 smd roundrect (at -3.25 -5.675) (size 0.3 1.55) (layers F.Cu F.Paste F.Mask) (roundrect_rratio 0.25)
      (net 2 GND))
    (pad 64 smd roundrect (at -3.75 -5.675) (size 0.3 1.55) (layers F.Cu F.Paste F.Mask) (roundrect_rratio 0.25)
      (net 1 VDD))
    (model ${KISYS3DMOD}/Package_QFP.3dshapes/LQFP-64_10x10mm_P0.5mm.wrl
      (at (xyz 0 0 0))
      (scale (xyz 1 1 1))
      (rotate (xyz 0 0 0))
    )
  )

  (module Capacitor_SMD:C_0603_1608Metric_Pad1.08x0.95mm_HandSolder (layer F.Cu) (tedit 5F68FEEF) (tstamp 6099664A)
    (at 167.25 119 270)
    (descr "Capacitor SMD 0603 (1608 Metric), square (rectangular) end terminal, IPC_7351 nominal with elongated pad for handsoldering. (Body size source: IPC-SM-782 page 76, https://www.pcb-3d.com/wordpress/wp-content/uploads/ipc-sm-782a_amendment_1_and_2.pdf), generated with kicad-footprint-generator")
    (tags "capacitor handsolder")
    (path /608EFA7F/60A4B155)
    (attr smd)
    (fp_text reference C6 (at 0 -1.43 90) (layer F.SilkS)
      (effects (font (size 1 1) (thickness 0.15)))
    )
    (fp_text value 4,7uF (at 0 1.43 90) (layer F.Fab)
      (effects (font (size 1 1) (thickness 0.15)))
    )
    (fp_line (start -0.8 0.4) (end -0.8 -0.4) (layer F.Fab) (width 0.1))
    (fp_line (start -0.8 -0.4) (end 0.8 -0.4) (layer F.Fab) (width 0.1))
    (fp_line (start 0.8 -0.4) (end 0.8 0.4) (layer F.Fab) (width 0.1))
    (fp_line (start 0.8 0.4) (end -0.8 0.4) (layer F.Fab) (width 0.1))
    (fp_line (start -0.146267 -0.51) (end 0.146267 -0.51) (layer F.SilkS) (width 0.12))
    (fp_line (start -0.146267 0.51) (end 0.146267 0.51) (layer F.SilkS) (width 0.12))
    (fp_line (start -1.65 0.73) (end -1.65 -0.73) (layer F.CrtYd) (width 0.05))
    (fp_line (start -1.65 -0.73) (end 1.65 -0.73) (layer F.CrtYd) (width 0.05))
    (fp_line (start 1.65 -0.73) (end 1.65 0.73) (layer F.CrtYd) (width 0.05))
    (fp_line (start 1.65 0.73) (end -1.65 0.73) (layer F.CrtYd) (width 0.05))
    (fp_text user %R (at 0 0 90) (layer F.Fab)
      (effects (font (size 0.4 0.4) (thickness 0.06)))
    )
    (pad 1 smd roundrect (at -0.8625 0 270) (size 1.075 0.95) (layers F.Cu F.Paste F.Mask) (roundrect_rratio 0.25)
      (net 41 "Net-(C6-Pad1)"))
    (pad 2 smd roundrect (at 0.8625 0 270) (size 1.075 0.95) (layers F.Cu F.Paste F.Mask) (roundrect_rratio 0.25)
      (net 2 GND))
    (model ${KISYS3DMOD}/Capacitor_SMD.3dshapes/C_0603_1608Metric.wrl
      (at (xyz 0 0 0))
      (scale (xyz 1 1 1))
      (rotate (xyz 0 0 0))
    )
  )

  (module Capacitor_SMD:C_0805_2012Metric_Pad1.18x1.45mm_HandSolder (layer F.Cu) (tedit 5F68FEEF) (tstamp 6099665B)
    (at 155.25 112 180)
    (descr "Capacitor SMD 0805 (2012 Metric), square (rectangular) end terminal, IPC_7351 nominal with elongated pad for handsoldering. (Body size source: IPC-SM-782 page 76, https://www.pcb-3d.com/wordpress/wp-content/uploads/ipc-sm-782a_amendment_1_and_2.pdf, https://docs.google.com/spreadsheets/d/1BsfQQcO9C6DZCsRaXUlFlo91Tg2WpOkGARC1WS5S8t0/edit?usp=sharing), generated with kicad-footprint-generator")
    (tags "capacitor handsolder")
    (path /608EFA7F/60A13BA2)
    (attr smd)
    (fp_text reference C15 (at 0 -1.68) (layer F.SilkS)
      (effects (font (size 1 1) (thickness 0.15)))
    )
    (fp_text value 10nF (at 0 1.68) (layer F.Fab)
      (effects (font (size 1 1) (thickness 0.15)))
    )
    (fp_line (start -1 0.625) (end -1 -0.625) (layer F.Fab) (width 0.1))
    (fp_line (start -1 -0.625) (end 1 -0.625) (layer F.Fab) (width 0.1))
    (fp_line (start 1 -0.625) (end 1 0.625) (layer F.Fab) (width 0.1))
    (fp_line (start 1 0.625) (end -1 0.625) (layer F.Fab) (width 0.1))
    (fp_line (start -0.261252 -0.735) (end 0.261252 -0.735) (layer F.SilkS) (width 0.12))
    (fp_line (start -0.261252 0.735) (end 0.261252 0.735) (layer F.SilkS) (width 0.12))
    (fp_line (start -1.88 0.98) (end -1.88 -0.98) (layer F.CrtYd) (width 0.05))
    (fp_line (start -1.88 -0.98) (end 1.88 -0.98) (layer F.CrtYd) (width 0.05))
    (fp_line (start 1.88 -0.98) (end 1.88 0.98) (layer F.CrtYd) (width 0.05))
    (fp_line (start 1.88 0.98) (end -1.88 0.98) (layer F.CrtYd) (width 0.05))
    (fp_text user %R (at 0 0) (layer F.Fab)
      (effects (font (size 0.5 0.5) (thickness 0.08)))
    )
    (pad 1 smd roundrect (at -1.0375 0 180) (size 1.175 1.45) (layers F.Cu F.Paste F.Mask) (roundrect_rratio 0.212766)
      (net 1 VDD))
    (pad 2 smd roundrect (at 1.0375 0 180) (size 1.175 1.45) (layers F.Cu F.Paste F.Mask) (roundrect_rratio 0.212766)
      (net 2 GND))
    (model ${KISYS3DMOD}/Capacitor_SMD.3dshapes/C_0805_2012Metric.wrl
      (at (xyz 0 0 0))
      (scale (xyz 1 1 1))
      (rotate (xyz 0 0 0))
    )
  )

  (module Connector_PinSocket_2.54mm:PinSocket_1x06_P2.54mm_Vertical (layer F.Cu) (tedit 5A19A430) (tstamp 6095E1BB)
    (at 206.75 89.5 180)
    (descr "Through hole straight socket strip, 1x06, 2.54mm pitch, single row (from Kicad 4.0.7), script generated")
    (tags "Through hole socket strip THT 1x06 2.54mm single row")
    (path /608EFB55/60A54B54)
    (fp_text reference J6 (at 0 -2.77) (layer F.SilkS)
      (effects (font (size 1 1) (thickness 0.15)))
    )
    (fp_text value Conn_01x06 (at 0 15.47) (layer F.Fab)
      (effects (font (size 1 1) (thickness 0.15)))
    )
    (fp_line (start -1.8 14.45) (end -1.8 -1.8) (layer F.CrtYd) (width 0.05))
    (fp_line (start 1.75 14.45) (end -1.8 14.45) (layer F.CrtYd) (width 0.05))
    (fp_line (start 1.75 -1.8) (end 1.75 14.45) (layer F.CrtYd) (width 0.05))
    (fp_line (start -1.8 -1.8) (end 1.75 -1.8) (layer F.CrtYd) (width 0.05))
    (fp_line (start 0 -1.33) (end 1.33 -1.33) (layer F.SilkS) (width 0.12))
    (fp_line (start 1.33 -1.33) (end 1.33 0) (layer F.SilkS) (width 0.12))
    (fp_line (start 1.33 1.27) (end 1.33 14.03) (layer F.SilkS) (width 0.12))
    (fp_line (start -1.33 14.03) (end 1.33 14.03) (layer F.SilkS) (width 0.12))
    (fp_line (start -1.33 1.27) (end -1.33 14.03) (layer F.SilkS) (width 0.12))
    (fp_line (start -1.33 1.27) (end 1.33 1.27) (layer F.SilkS) (width 0.12))
    (fp_line (start -1.27 13.97) (end -1.27 -1.27) (layer F.Fab) (width 0.1))
    (fp_line (start 1.27 13.97) (end -1.27 13.97) (layer F.Fab) (width 0.1))
    (fp_line (start 1.27 -0.635) (end 1.27 13.97) (layer F.Fab) (width 0.1))
    (fp_line (start 0.635 -1.27) (end 1.27 -0.635) (layer F.Fab) (width 0.1))
    (fp_line (start -1.27 -1.27) (end 0.635 -1.27) (layer F.Fab) (width 0.1))
    (fp_text user %R (at 0 6.35 90) (layer F.Fab)
      (effects (font (size 1 1) (thickness 0.15)))
    )
    (pad 6 thru_hole oval (at 0 12.7 180) (size 1.7 1.7) (drill 1) (layers *.Cu *.Mask)
      (net 2 GND))
    (pad 5 thru_hole oval (at 0 10.16 180) (size 1.7 1.7) (drill 1) (layers *.Cu *.Mask)
      (net 22 ENCODER12))
    (pad 4 thru_hole oval (at 0 7.62 180) (size 1.7 1.7) (drill 1) (layers *.Cu *.Mask)
      (net 23 ENCODER11))
    (pad 3 thru_hole oval (at 0 5.08 180) (size 1.7 1.7) (drill 1) (layers *.Cu *.Mask)
      (net 6 +5V))
    (pad 2 thru_hole oval (at 0 2.54 180) (size 1.7 1.7) (drill 1) (layers *.Cu *.Mask)
      (net 15 AO1))
    (pad 1 thru_hole rect (at 0 0 180) (size 1.7 1.7) (drill 1) (layers *.Cu *.Mask)
      (net 14 AO2))
    (model ${KISYS3DMOD}/Connector_PinSocket_2.54mm.3dshapes/PinSocket_1x06_P2.54mm_Vertical.wrl
      (at (xyz 0 0 0))
      (scale (xyz 1 1 1))
      (rotate (xyz 0 0 0))
    )
  )

  (module Capacitor_SMD:C_0805_2012Metric_Pad1.18x1.45mm_HandSolder (layer F.Cu) (tedit 5F68FEEF) (tstamp 6095DF8C)
    (at 170.25 117.75 270)
    (descr "Capacitor SMD 0805 (2012 Metric), square (rectangular) end terminal, IPC_7351 nominal with elongated pad for handsoldering. (Body size source: IPC-SM-782 page 76, https://www.pcb-3d.com/wordpress/wp-content/uploads/ipc-sm-782a_amendment_1_and_2.pdf, https://docs.google.com/spreadsheets/d/1BsfQQcO9C6DZCsRaXUlFlo91Tg2WpOkGARC1WS5S8t0/edit?usp=sharing), generated with kicad-footprint-generator")
    (tags "capacitor handsolder")
    (path /608EFA7F/608F67DE)
    (attr smd)
    (fp_text reference C1 (at 0 -1.68 90) (layer F.SilkS)
      (effects (font (size 1 1) (thickness 0.15)))
    )
    (fp_text value 100nF (at 0 1.68 90) (layer F.Fab)
      (effects (font (size 1 1) (thickness 0.15)))
    )
    (fp_line (start 1.88 0.98) (end -1.88 0.98) (layer F.CrtYd) (width 0.05))
    (fp_line (start 1.88 -0.98) (end 1.88 0.98) (layer F.CrtYd) (width 0.05))
    (fp_line (start -1.88 -0.98) (end 1.88 -0.98) (layer F.CrtYd) (width 0.05))
    (fp_line (start -1.88 0.98) (end -1.88 -0.98) (layer F.CrtYd) (width 0.05))
    (fp_line (start -0.261252 0.735) (end 0.261252 0.735) (layer F.SilkS) (width 0.12))
    (fp_line (start -0.261252 -0.735) (end 0.261252 -0.735) (layer F.SilkS) (width 0.12))
    (fp_line (start 1 0.625) (end -1 0.625) (layer F.Fab) (width 0.1))
    (fp_line (start 1 -0.625) (end 1 0.625) (layer F.Fab) (width 0.1))
    (fp_line (start -1 -0.625) (end 1 -0.625) (layer F.Fab) (width 0.1))
    (fp_line (start -1 0.625) (end -1 -0.625) (layer F.Fab) (width 0.1))
    (fp_text user %R (at 0 0 90) (layer F.Fab)
      (effects (font (size 0.5 0.5) (thickness 0.08)))
    )
    (pad 2 smd roundrect (at 1.0375 0 270) (size 1.175 1.45) (layers F.Cu F.Paste F.Mask) (roundrect_rratio 0.212766)
      (net 2 GND))
    (pad 1 smd roundrect (at -1.0375 0 270) (size 1.175 1.45) (layers F.Cu F.Paste F.Mask) (roundrect_rratio 0.212766)
      (net 1 VDD))
    (model ${KISYS3DMOD}/Capacitor_SMD.3dshapes/C_0805_2012Metric.wrl
      (at (xyz 0 0 0))
      (scale (xyz 1 1 1))
      (rotate (xyz 0 0 0))
    )
  )

  (module Capacitor_SMD:C_0805_2012Metric_Pad1.18x1.45mm_HandSolder (layer F.Cu) (tedit 5F68FEEF) (tstamp 6095DF9D)
    (at 151.25 117.5 90)
    (descr "Capacitor SMD 0805 (2012 Metric), square (rectangular) end terminal, IPC_7351 nominal with elongated pad for handsoldering. (Body size source: IPC-SM-782 page 76, https://www.pcb-3d.com/wordpress/wp-content/uploads/ipc-sm-782a_amendment_1_and_2.pdf, https://docs.google.com/spreadsheets/d/1BsfQQcO9C6DZCsRaXUlFlo91Tg2WpOkGARC1WS5S8t0/edit?usp=sharing), generated with kicad-footprint-generator")
    (tags "capacitor handsolder")
    (path /608EFA7F/60AF7ED9)
    (attr smd)
    (fp_text reference C2 (at 0 -1.68 90) (layer F.SilkS)
      (effects (font (size 1 1) (thickness 0.15)))
    )
    (fp_text value 100nF (at 0 1.68 90) (layer F.Fab)
      (effects (font (size 1 1) (thickness 0.15)))
    )
    (fp_line (start -1 0.625) (end -1 -0.625) (layer F.Fab) (width 0.1))
    (fp_line (start -1 -0.625) (end 1 -0.625) (layer F.Fab) (width 0.1))
    (fp_line (start 1 -0.625) (end 1 0.625) (layer F.Fab) (width 0.1))
    (fp_line (start 1 0.625) (end -1 0.625) (layer F.Fab) (width 0.1))
    (fp_line (start -0.261252 -0.735) (end 0.261252 -0.735) (layer F.SilkS) (width 0.12))
    (fp_line (start -0.261252 0.735) (end 0.261252 0.735) (layer F.SilkS) (width 0.12))
    (fp_line (start -1.88 0.98) (end -1.88 -0.98) (layer F.CrtYd) (width 0.05))
    (fp_line (start -1.88 -0.98) (end 1.88 -0.98) (layer F.CrtYd) (width 0.05))
    (fp_line (start 1.88 -0.98) (end 1.88 0.98) (layer F.CrtYd) (width 0.05))
    (fp_line (start 1.88 0.98) (end -1.88 0.98) (layer F.CrtYd) (width 0.05))
    (fp_text user %R (at 0 0 90) (layer F.Fab)
      (effects (font (size 0.5 0.5) (thickness 0.08)))
    )
    (pad 1 smd roundrect (at -1.0375 0 90) (size 1.175 1.45) (layers F.Cu F.Paste F.Mask) (roundrect_rratio 0.212766)
      (net 2 GND))
    (pad 2 smd roundrect (at 1.0375 0 90) (size 1.175 1.45) (layers F.Cu F.Paste F.Mask) (roundrect_rratio 0.212766)
      (net 3 BUT1))
    (model ${KISYS3DMOD}/Capacitor_SMD.3dshapes/C_0805_2012Metric.wrl
      (at (xyz 0 0 0))
      (scale (xyz 1 1 1))
      (rotate (xyz 0 0 0))
    )
  )

  (module Capacitor_SMD:C_0805_2012Metric_Pad1.18x1.45mm_HandSolder (layer F.Cu) (tedit 5F68FEEF) (tstamp 6095DFAE)
    (at 161 119.5 270)
    (descr "Capacitor SMD 0805 (2012 Metric), square (rectangular) end terminal, IPC_7351 nominal with elongated pad for handsoldering. (Body size source: IPC-SM-782 page 76, https://www.pcb-3d.com/wordpress/wp-content/uploads/ipc-sm-782a_amendment_1_and_2.pdf, https://docs.google.com/spreadsheets/d/1BsfQQcO9C6DZCsRaXUlFlo91Tg2WpOkGARC1WS5S8t0/edit?usp=sharing), generated with kicad-footprint-generator")
    (tags "capacitor handsolder")
    (path /608EFA7F/608F67DF)
    (attr smd)
    (fp_text reference C3 (at 0 -1.68 90) (layer F.SilkS)
      (effects (font (size 1 1) (thickness 0.15)))
    )
    (fp_text value 100nF (at 0 1.68 90) (layer F.Fab)
      (effects (font (size 1 1) (thickness 0.15)))
    )
    (fp_line (start -1 0.625) (end -1 -0.625) (layer F.Fab) (width 0.1))
    (fp_line (start -1 -0.625) (end 1 -0.625) (layer F.Fab) (width 0.1))
    (fp_line (start 1 -0.625) (end 1 0.625) (layer F.Fab) (width 0.1))
    (fp_line (start 1 0.625) (end -1 0.625) (layer F.Fab) (width 0.1))
    (fp_line (start -0.261252 -0.735) (end 0.261252 -0.735) (layer F.SilkS) (width 0.12))
    (fp_line (start -0.261252 0.735) (end 0.261252 0.735) (layer F.SilkS) (width 0.12))
    (fp_line (start -1.88 0.98) (end -1.88 -0.98) (layer F.CrtYd) (width 0.05))
    (fp_line (start -1.88 -0.98) (end 1.88 -0.98) (layer F.CrtYd) (width 0.05))
    (fp_line (start 1.88 -0.98) (end 1.88 0.98) (layer F.CrtYd) (width 0.05))
    (fp_line (start 1.88 0.98) (end -1.88 0.98) (layer F.CrtYd) (width 0.05))
    (fp_text user %R (at 0 0 90) (layer F.Fab)
      (effects (font (size 0.5 0.5) (thickness 0.08)))
    )
    (pad 1 smd roundrect (at -1.0375 0 270) (size 1.175 1.45) (layers F.Cu F.Paste F.Mask) (roundrect_rratio 0.212766)
      (net 1 VDD))
    (pad 2 smd roundrect (at 1.0375 0 270) (size 1.175 1.45) (layers F.Cu F.Paste F.Mask) (roundrect_rratio 0.212766)
      (net 2 GND))
    (model ${KISYS3DMOD}/Capacitor_SMD.3dshapes/C_0805_2012Metric.wrl
      (at (xyz 0 0 0))
      (scale (xyz 1 1 1))
      (rotate (xyz 0 0 0))
    )
  )

  (module Capacitor_SMD:C_0805_2012Metric_Pad1.18x1.45mm_HandSolder (layer F.Cu) (tedit 5F68FEEF) (tstamp 6095DFBF)
    (at 150.75 111.25 90)
    (descr "Capacitor SMD 0805 (2012 Metric), square (rectangular) end terminal, IPC_7351 nominal with elongated pad for handsoldering. (Body size source: IPC-SM-782 page 76, https://www.pcb-3d.com/wordpress/wp-content/uploads/ipc-sm-782a_amendment_1_and_2.pdf, https://docs.google.com/spreadsheets/d/1BsfQQcO9C6DZCsRaXUlFlo91Tg2WpOkGARC1WS5S8t0/edit?usp=sharing), generated with kicad-footprint-generator")
    (tags "capacitor handsolder")
    (path /608EFA7F/608F67F6)
    (attr smd)
    (fp_text reference C4 (at 0 -1.68 90) (layer F.SilkS)
      (effects (font (size 1 1) (thickness 0.15)))
    )
    (fp_text value 100nF (at 0 1.68 90) (layer F.Fab)
      (effects (font (size 1 1) (thickness 0.15)))
    )
    (fp_line (start -1 0.625) (end -1 -0.625) (layer F.Fab) (width 0.1))
    (fp_line (start -1 -0.625) (end 1 -0.625) (layer F.Fab) (width 0.1))
    (fp_line (start 1 -0.625) (end 1 0.625) (layer F.Fab) (width 0.1))
    (fp_line (start 1 0.625) (end -1 0.625) (layer F.Fab) (width 0.1))
    (fp_line (start -0.261252 -0.735) (end 0.261252 -0.735) (layer F.SilkS) (width 0.12))
    (fp_line (start -0.261252 0.735) (end 0.261252 0.735) (layer F.SilkS) (width 0.12))
    (fp_line (start -1.88 0.98) (end -1.88 -0.98) (layer F.CrtYd) (width 0.05))
    (fp_line (start -1.88 -0.98) (end 1.88 -0.98) (layer F.CrtYd) (width 0.05))
    (fp_line (start 1.88 -0.98) (end 1.88 0.98) (layer F.CrtYd) (width 0.05))
    (fp_line (start 1.88 0.98) (end -1.88 0.98) (layer F.CrtYd) (width 0.05))
    (fp_text user %R (at 0 0 90) (layer F.Fab)
      (effects (font (size 0.5 0.5) (thickness 0.08)))
    )
    (pad 1 smd roundrect (at -1.0375 0 90) (size 1.175 1.45) (layers F.Cu F.Paste F.Mask) (roundrect_rratio 0.212766)
      (net 2 GND))
    (pad 2 smd roundrect (at 1.0375 0 90) (size 1.175 1.45) (layers F.Cu F.Paste F.Mask) (roundrect_rratio 0.212766)
      (net 4 NRST))
    (model ${KISYS3DMOD}/Capacitor_SMD.3dshapes/C_0805_2012Metric.wrl
      (at (xyz 0 0 0))
      (scale (xyz 1 1 1))
      (rotate (xyz 0 0 0))
    )
  )

  (module Capacitor_SMD:C_0805_2012Metric_Pad1.18x1.45mm_HandSolder (layer F.Cu) (tedit 5F68FEEF) (tstamp 6095DFD0)
    (at 158.75 103 90)
    (descr "Capacitor SMD 0805 (2012 Metric), square (rectangular) end terminal, IPC_7351 nominal with elongated pad for handsoldering. (Body size source: IPC-SM-782 page 76, https://www.pcb-3d.com/wordpress/wp-content/uploads/ipc-sm-782a_amendment_1_and_2.pdf, https://docs.google.com/spreadsheets/d/1BsfQQcO9C6DZCsRaXUlFlo91Tg2WpOkGARC1WS5S8t0/edit?usp=sharing), generated with kicad-footprint-generator")
    (tags "capacitor handsolder")
    (path /608EFA7F/608F67E0)
    (attr smd)
    (fp_text reference C5 (at 0 -1.68 90) (layer F.SilkS)
      (effects (font (size 1 1) (thickness 0.15)))
    )
    (fp_text value 100nF (at 0 1.68 90) (layer F.Fab)
      (effects (font (size 1 1) (thickness 0.15)))
    )
    (fp_line (start 1.88 0.98) (end -1.88 0.98) (layer F.CrtYd) (width 0.05))
    (fp_line (start 1.88 -0.98) (end 1.88 0.98) (layer F.CrtYd) (width 0.05))
    (fp_line (start -1.88 -0.98) (end 1.88 -0.98) (layer F.CrtYd) (width 0.05))
    (fp_line (start -1.88 0.98) (end -1.88 -0.98) (layer F.CrtYd) (width 0.05))
    (fp_line (start -0.261252 0.735) (end 0.261252 0.735) (layer F.SilkS) (width 0.12))
    (fp_line (start -0.261252 -0.735) (end 0.261252 -0.735) (layer F.SilkS) (width 0.12))
    (fp_line (start 1 0.625) (end -1 0.625) (layer F.Fab) (width 0.1))
    (fp_line (start 1 -0.625) (end 1 0.625) (layer F.Fab) (width 0.1))
    (fp_line (start -1 -0.625) (end 1 -0.625) (layer F.Fab) (width 0.1))
    (fp_line (start -1 0.625) (end -1 -0.625) (layer F.Fab) (width 0.1))
    (fp_text user %R (at 0 0 90) (layer F.Fab)
      (effects (font (size 0.5 0.5) (thickness 0.08)))
    )
    (pad 2 smd roundrect (at 1.0375 0 90) (size 1.175 1.45) (layers F.Cu F.Paste F.Mask) (roundrect_rratio 0.212766)
      (net 2 GND))
    (pad 1 smd roundrect (at -1.0375 0 90) (size 1.175 1.45) (layers F.Cu F.Paste F.Mask) (roundrect_rratio 0.212766)
      (net 1 VDD))
    (model ${KISYS3DMOD}/Capacitor_SMD.3dshapes/C_0805_2012Metric.wrl
      (at (xyz 0 0 0))
      (scale (xyz 1 1 1))
      (rotate (xyz 0 0 0))
    )
  )

  (module Capacitor_SMD:C_0805_2012Metric_Pad1.18x1.45mm_HandSolder (layer F.Cu) (tedit 5F68FEEF) (tstamp 6095DFE1)
    (at 155.5 107.25 180)
    (descr "Capacitor SMD 0805 (2012 Metric), square (rectangular) end terminal, IPC_7351 nominal with elongated pad for handsoldering. (Body size source: IPC-SM-782 page 76, https://www.pcb-3d.com/wordpress/wp-content/uploads/ipc-sm-782a_amendment_1_and_2.pdf, https://docs.google.com/spreadsheets/d/1BsfQQcO9C6DZCsRaXUlFlo91Tg2WpOkGARC1WS5S8t0/edit?usp=sharing), generated with kicad-footprint-generator")
    (tags "capacitor handsolder")
    (path /608EFA7F/608F67ED)
    (attr smd)
    (fp_text reference C7 (at 0 -1.68) (layer F.SilkS)
      (effects (font (size 1 1) (thickness 0.15)))
    )
    (fp_text value 100nF (at 0 1.68) (layer F.Fab)
      (effects (font (size 1 1) (thickness 0.15)))
    )
    (fp_line (start 1.88 0.98) (end -1.88 0.98) (layer F.CrtYd) (width 0.05))
    (fp_line (start 1.88 -0.98) (end 1.88 0.98) (layer F.CrtYd) (width 0.05))
    (fp_line (start -1.88 -0.98) (end 1.88 -0.98) (layer F.CrtYd) (width 0.05))
    (fp_line (start -1.88 0.98) (end -1.88 -0.98) (layer F.CrtYd) (width 0.05))
    (fp_line (start -0.261252 0.735) (end 0.261252 0.735) (layer F.SilkS) (width 0.12))
    (fp_line (start -0.261252 -0.735) (end 0.261252 -0.735) (layer F.SilkS) (width 0.12))
    (fp_line (start 1 0.625) (end -1 0.625) (layer F.Fab) (width 0.1))
    (fp_line (start 1 -0.625) (end 1 0.625) (layer F.Fab) (width 0.1))
    (fp_line (start -1 -0.625) (end 1 -0.625) (layer F.Fab) (width 0.1))
    (fp_line (start -1 0.625) (end -1 -0.625) (layer F.Fab) (width 0.1))
    (fp_text user %R (at 0 0) (layer F.Fab)
      (effects (font (size 0.5 0.5) (thickness 0.08)))
    )
    (pad 2 smd roundrect (at 1.0375 0 180) (size 1.175 1.45) (layers F.Cu F.Paste F.Mask) (roundrect_rratio 0.212766)
      (net 2 GND))
    (pad 1 smd roundrect (at -1.0375 0 180) (size 1.175 1.45) (layers F.Cu F.Paste F.Mask) (roundrect_rratio 0.212766)
      (net 1 VDD))
    (model ${KISYS3DMOD}/Capacitor_SMD.3dshapes/C_0805_2012Metric.wrl
      (at (xyz 0 0 0))
      (scale (xyz 1 1 1))
      (rotate (xyz 0 0 0))
    )
  )

  (module Capacitor_SMD:C_0805_2012Metric_Pad1.18x1.45mm_HandSolder (layer F.Cu) (tedit 5F68FEEF) (tstamp 6095DFF2)
    (at 174.5 100.5)
