(kicad_pcb (version 20171130) (host pcbnew "(5.1.9)-1")

  (general
    (thickness 1.6)
    (drawings 18)
    (tracks 139)
    (zones 0)
    (modules 26)
    (nets 19)
  )

  (page A4)
  (layers
    (0 F.Cu signal)
    (31 B.Cu signal)
    (32 B.Adhes user)
    (33 F.Adhes user)
    (34 B.Paste user)
    (35 F.Paste user)
    (36 B.SilkS user)
    (37 F.SilkS user)
    (38 B.Mask user)
    (39 F.Mask user)
    (40 Dwgs.User user)
    (41 Cmts.User user)
    (42 Eco1.User user)
    (43 Eco2.User user)
    (44 Edge.Cuts user)
    (45 Margin user)
    (46 B.CrtYd user)
    (47 F.CrtYd user)
    (48 B.Fab user hide)
    (49 F.Fab user hide)
  )

  (setup
    (last_trace_width 0.25)
    (user_trace_width 0.2)
    (user_trace_width 0.5)
    (user_trace_width 0.75)
    (user_trace_width 1)
    (trace_clearance 0.2)
    (zone_clearance 0.508)
    (zone_45_only no)
    (trace_min 0.2)
    (via_size 0.8)
    (via_drill 0.4)
    (via_min_size 0.4)
    (via_min_drill 0.3)
    (uvia_size 0.3)
    (uvia_drill 0.1)
    (uvias_allowed no)
    (uvia_min_size 0.2)
    (uvia_min_drill 0.1)
    (edge_width 0.05)
    (segment_width 0.2)
    (pcb_text_width 0.3)
    (pcb_text_size 1.5 1.5)
    (mod_edge_width 0.12)
    (mod_text_size 1 1)
    (mod_text_width 0.15)
    (pad_size 1.524 1.524)
    (pad_drill 0.762)
    (pad_to_mask_clearance 0)
    (aux_axis_origin 0 0)
    (visible_elements 7FFFF7FF)
    (pcbplotparams
      (layerselection 0x010fc_ffffffff)
      (usegerberextensions false)
      (usegerberattributes true)
      (usegerberadvancedattributes true)
      (creategerberjobfile true)
      (excludeedgelayer true)
      (linewidth 0.100000)
      (plotframeref false)
      (viasonmask false)
      (mode 1)
      (useauxorigin false)
      (hpglpennumber 1)
      (hpglpenspeed 20)
      (hpglpendiameter 15.000000)
      (psnegative false)
      (psa4output false)
      (plotreference true)
      (plotvalue false)
      (plotinvisibletext false)
      (padsonsilk true)
      (subtractmaskfromsilk false)
      (outputformat 1)
      (mirror false)
      (drillshape 0)
      (scaleselection 1)
      (outputdirectory "plikGRB/"))
  )

  (net 0 "")
  (net 1 Out1)
  (net 2 Out2)
  (net 3 Out3)
  (net 4 Out4)
  (net 5 Out5)
  (net 6 Out6)
  (net 7 Out7)
  (net 8 Out8)
  (net 9 +3V3)
  (net 10 GND)
  (net 11 "Net-(R1-Pad2)")
  (net 12 "Net-(R2-Pad2)")
  (net 13 "Net-(R5-Pad2)")
  (net 14 "Net-(R6-Pad2)")
  (net 15 "Net-(R9-Pad2)")
  (net 16 "Net-(R10-Pad2)")
  (net 17 "Net-(R13-Pad2)")
  (net 18 "Net-(R14-Pad2)")

  (net_class Default "This is the default net class."
    (clearance 0.2)
    (trace_width 0.25)
    (via_dia 0.8)
    (via_drill 0.4)
    (uvia_dia 0.3)
    (uvia_drill 0.1)
    (add_net +3V3)
    (add_net GND)
    (add_net "Net-(R1-Pad2)")
    (add_net "Net-(R10-Pad2)")
    (add_net "Net-(R13-Pad2)")
    (add_net "Net-(R14-Pad2)")
    (add_net "Net-(R2-Pad2)")
    (add_net "Net-(R5-Pad2)")
    (add_net "Net-(R6-Pad2)")
    (add_net "Net-(R9-Pad2)")
    (add_net Out1)
    (add_net Out2)
    (add_net Out3)
    (add_net Out4)
    (add_net Out5)
    (add_net Out6)
    (add_net Out7)
    (add_net Out8)
  )

  (module warsztaty:log (layer F.Cu) (tedit 609C6729) (tstamp 609D2302)
    (at 143.33 105.43)
    (attr smd)
    (fp_text reference G*** (at -2.54 -6.35) (layer F.Fab) hide
      (effects (font (size 1.524 1.524) (thickness 0.3)))
    )
    (fp_text value LOGO (at 0.75 0) (layer F.Fab) hide
      (effects (font (size 1.524 1.524) (thickness 0.3)))
    )
    (fp_poly (pts (xy 3.786228 -5.248051) (xy 4.578762 -5.244366) (xy 5.300295 -5.238523) (xy 5.935584 -5.230763)
      (xy 6.469389 -5.221332) (xy 6.886469 -5.210472) (xy 7.171583 -5.198427) (xy 7.309489 -5.185441)
      (xy 7.319434 -5.179332) (xy 7.193403 -5.082354) (xy 6.964374 -4.916845) (xy 6.669768 -4.708913)
      (xy 6.347007 -4.484663) (xy 6.033509 -4.270203) (xy 5.766698 -4.091641) (xy 5.673321 -4.030908)
      (xy 5.291667 -3.78615) (xy 4.064 -3.849529) (xy 3.72687 -3.866114) (xy 3.299493 -3.885901)
      (xy 2.809051 -3.907764) (xy 2.282728 -3.930573) (xy 1.747707 -3.9532) (xy 1.23117 -3.974516)
      (xy 0.760301 -3.993394) (xy 0.362282 -4.008705) (xy 0.064296 -4.019321) (xy -0.106473 -4.024113)
      (xy -0.136256 -4.023875) (xy -0.160149 -3.95093) (xy -0.197475 -3.804347) (xy -0.249439 -3.587027)
      (xy 0.743114 -3.4866) (xy 1.18897 -3.445187) (xy 1.744426 -3.399159) (xy 2.350001 -3.353148)
      (xy 2.946215 -3.311788) (xy 3.175 -3.297197) (xy 3.658551 -3.26663) (xy 4.088264 -3.238195)
      (xy 4.433403 -3.214029) (xy 4.663229 -3.196264) (xy 4.741334 -3.188441) (xy 4.752606 -3.137631)
      (xy 4.636142 -3.024664) (xy 4.487334 -2.918623) (xy 4.266584 -2.770396) (xy 4.109546 -2.658721)
      (xy 4.064 -2.62138) (xy 3.972576 -2.546146) (xy 3.799656 -2.41945) (xy 3.753183 -2.386748)
      (xy 3.484698 -2.19932) (xy 1.848183 -2.32731) (xy 1.142508 -2.381217) (xy 0.58703 -2.419783)
      (xy 0.1633 -2.442911) (xy -0.147132 -2.450502) (xy -0.362713 -2.44246) (xy -0.501895 -2.418685)
      (xy -0.583125 -2.379081) (xy -0.624853 -2.32355) (xy -0.628717 -2.314176) (xy -0.652327 -2.20674)
      (xy -0.610842 -2.127577) (xy -0.479712 -2.066357) (xy -0.234383 -2.012752) (xy 0.149695 -1.956432)
      (xy 0.254 -1.942813) (xy 0.729676 -1.88159) (xy 1.258768 -1.813695) (xy 1.740444 -1.752064)
      (xy 1.820334 -1.741868) (xy 2.179466 -1.690642) (xy 2.381843 -1.647296) (xy 2.439658 -1.608344)
      (xy 2.391834 -1.57863) (xy 2.244625 -1.500728) (xy 2.201334 -1.439394) (xy 2.138776 -1.345964)
      (xy 1.985455 -1.212938) (xy 1.958222 -1.193087) (xy 1.71511 -1.019976) (xy 0.286055 -1.189596)
      (xy -0.263879 -1.252166) (xy -0.671353 -1.291102) (xy -0.961437 -1.307408) (xy -1.159203 -1.30209)
      (xy -1.28972 -1.27615) (xy -1.339616 -1.254695) (xy -1.417001 -1.203461) (xy -1.415916 -1.158621)
      (xy -1.314353 -1.10918) (xy -1.090304 -1.044146) (xy -0.74695 -0.958632) (xy -0.378587 -0.8741)
      (xy -0.051421 -0.80773) (xy 0.185338 -0.769128) (xy 0.254 -0.763249) (xy 0.435781 -0.735486)
      (xy 0.597674 -0.675247) (xy 0.684178 -0.607675) (xy 0.674882 -0.572582) (xy 0.586397 -0.513735)
      (xy 0.403386 -0.395039) (xy 0.264758 -0.30589) (xy 0.0297 -0.167232) (xy -0.144339 -0.113828)
      (xy -0.332616 -0.130424) (xy -0.454908 -0.160021) (xy -0.704226 -0.218574) (xy -1.038017 -0.288123)
      (xy -1.410002 -0.360116) (xy -1.773903 -0.425998) (xy -2.083441 -0.477216) (xy -2.292336 -0.505217)
      (xy -2.337686 -0.508) (xy -2.429739 -0.435011) (xy -2.455333 -0.303127) (xy -2.419476 -0.171649)
      (xy -2.296881 -0.018858) (xy -2.065017 0.179065) (xy -1.8415 0.34576) (xy -1.56367 0.548777)
      (xy -1.34103 0.715307) (xy -1.20734 0.819927) (xy -1.185333 0.839868) (xy -1.09735 0.915581)
      (xy -0.920652 1.05236) (xy -0.804333 1.139005) (xy -0.599757 1.292742) (xy -0.457407 1.405824)
      (xy -0.423333 1.436813) (xy -0.329165 1.511496) (xy -0.154727 1.629777) (xy -0.1292 1.646167)
      (xy 0.066274 1.77578) (xy 0.202827 1.874902) (xy 0.209466 1.880404) (xy 0.326484 1.97294)
      (xy 0.542853 2.138694) (xy 0.821879 2.350061) (xy 1.126868 2.579433) (xy 1.421128 2.799205)
      (xy 1.667964 2.98177) (xy 1.817665 3.090333) (xy 2.04521 3.261416) (xy 2.294056 3.461758)
      (xy 2.330564 3.4925) (xy 2.518558 3.637102) (xy 2.659015 3.718662) (xy 2.686222 3.725333)
      (xy 2.798616 3.78228) (xy 2.921 3.894666) (xy 2.982702 3.968814) (xy 2.990691 4.017263)
      (xy 2.920313 4.045341) (xy 2.746914 4.058379) (xy 2.44584 4.061706) (xy 2.150956 4.061127)
      (xy 1.693025 4.052936) (xy 1.361979 4.027994) (xy 1.11574 3.980752) (xy 0.912231 3.90566)
      (xy 0.889 3.894666) (xy 0.659627 3.793613) (xy 0.48634 3.734374) (xy 0.449301 3.728206)
      (xy 0.320583 3.665086) (xy 0.233133 3.577166) (xy 0.135209 3.469712) (xy -0.061269 3.268167)
      (xy -0.332966 2.995985) (xy -0.656546 2.676618) (xy -0.883129 2.455333) (xy -1.25063 2.09839)
      (xy -1.506273 1.852988) (xy -1.659557 1.712576) (xy -1.719983 1.670603) (xy -1.697052 1.720519)
      (xy -1.600265 1.855773) (xy -1.439122 2.069814) (xy -1.435702 2.074333) (xy -1.203543 2.380117)
      (xy -0.985239 2.666001) (xy -0.819562 2.881253) (xy -0.788631 2.921) (xy -0.61271 3.146864)
      (xy -0.495223 3.301702) (xy -0.390103 3.447729) (xy -0.255786 3.640666) (xy -0.107299 3.840338)
      (xy 0.013442 3.978006) (xy 0.038254 3.999203) (xy 0.013719 4.029321) (xy -0.130615 4.046926)
      (xy -0.345648 4.051671) (xy -0.582281 4.043205) (xy -0.791418 4.021182) (xy -0.867833 4.005637)
      (xy -0.993342 3.938631) (xy -1.016 3.894164) (xy -1.08577 3.813264) (xy -1.185333 3.767666)
      (xy -1.322194 3.690629) (xy -1.354666 3.632549) (xy -1.399869 3.531675) (xy -1.521412 3.326802)
      (xy -1.698198 3.052422) (xy -1.820333 2.871227) (xy -2.016739 2.591515) (xy -2.172213 2.383556)
      (xy -2.266732 2.273347) (xy -2.286 2.266623) (xy -2.249102 2.381788) (xy -2.156367 2.590122)
      (xy -2.034732 2.837071) (xy -1.911136 3.068078) (xy -1.812516 3.228591) (xy -1.807861 3.234951)
      (xy -1.715369 3.391605) (xy -1.627031 3.577166) (xy -1.569772 3.74042) (xy -1.615101 3.801245)
      (xy -1.763521 3.81) (xy -1.924046 3.783469) (xy -2.037833 3.675977) (xy -2.147719 3.450166)
      (xy -2.25748 3.194619) (xy -2.355047 2.984885) (xy -2.380276 2.935955) (xy -2.528044 2.652272)
      (xy -2.730259 2.244889) (xy -2.819372 2.060222) (xy -2.427111 2.060222) (xy -2.415489 2.110556)
      (xy -2.370666 2.116666) (xy -2.300976 2.085688) (xy -2.314222 2.060222) (xy -2.414702 2.050089)
      (xy -2.427111 2.060222) (xy -2.819372 2.060222) (xy -2.971744 1.744466) (xy -3.013387 1.657022)
      (xy -3.252023 1.155044) (xy -3.321487 1.423113) (xy -3.385687 1.589372) (xy -3.498305 1.694102)
      (xy -3.697273 1.755613) (xy -4.020526 1.792211) (xy -4.097758 1.797766) (xy -4.378397 1.859535)
      (xy -4.521092 1.989666) (xy -4.614252 2.141543) (xy -4.661574 2.201333) (xy -4.73935 2.295805)
      (xy -4.852074 2.453005) (xy -4.995333 2.662344) (xy -4.995333 2.431838) (xy -5.019489 2.267761)
      (xy -5.127188 2.207582) (xy -5.248616 2.201333) (xy -5.499112 2.264666) (xy -5.607649 2.370666)
      (xy -5.73187 2.517198) (xy -5.815084 2.509963) (xy -5.842 2.37131) (xy -5.768547 2.137716)
      (xy -5.586427 1.927198) (xy -5.352999 1.796135) (xy -5.238374 1.778) (xy -5.011886 1.702681)
      (xy -4.798544 1.50976) (xy -4.638559 1.248794) (xy -4.572144 0.969336) (xy -4.572 0.956789)
      (xy -4.603026 0.785648) (xy -4.712576 0.60232) (xy -4.92536 0.369761) (xy -5.032598 0.266281)
      (xy -5.284231 0.038261) (xy -5.469841 -0.092945) (xy -5.639905 -0.153408) (xy -5.8449 -0.169202)
      (xy -5.875967 -0.169334) (xy -6.17642 -0.13908) (xy -6.379099 -0.034334) (xy -6.431368 0.015964)
      (xy -6.604 0.201263) (xy -6.604 -0.264772) (xy -6.595782 -0.525132) (xy -6.552388 -0.708205)
      (xy -6.445707 -0.875134) (xy -6.247629 -1.087061) (xy -6.207403 -1.127404) (xy -5.810807 -1.524001)
      (xy -4.57757 -1.524473) (xy -3.982844 -1.530261) (xy -3.528037 -1.551257) (xy -3.183975 -1.593685)
      (xy -2.921482 -1.663767) (xy -2.711384 -1.767728) (xy -2.524506 -1.911788) (xy -2.454566 -1.977314)
      (xy -2.040429 -2.497355) (xy -1.74671 -3.133094) (xy -1.575247 -3.87935) (xy -1.527016 -4.593167)
      (xy -1.524 -5.249334) (xy 2.937934 -5.249334) (xy 3.786228 -5.248051)) (layer F.SilkS) (width 0.01))
  )

  (module warsztaty:KTIR0711S (layer B.Cu) (tedit 56251D2C) (tstamp 608D824F)
    (at 168.47 107.45 270)
    (path /608BE96B)
    (attr smd)
    (fp_text reference U8 (at -0.219 3.407 90) (layer B.SilkS)
      (effects (font (size 1 1) (thickness 0.15)) (justify mirror))
    )
    (fp_text value KTIR0711S (at -0.092 4.55 90) (layer B.Fab)
      (effects (font (size 1 1) (thickness 0.15)) (justify mirror))
    )
    (fp_line (start -1.405 1.397) (end 1.595 1.397) (layer B.SilkS) (width 0.15))
    (fp_line (start 1.651 1.397) (end 1.651 -1.353) (layer B.SilkS) (width 0.15))
    (fp_line (start -1.905 0.889) (end -1.397 1.397) (layer B.SilkS) (width 0.15))
    (fp_line (start -1.905 -1.397) (end -1.905 0.889) (layer B.SilkS) (width 0.15))
    (fp_line (start 1.651 -1.397) (end -1.905 -1.397) (layer B.SilkS) (width 0.15))
    (pad 4 smd rect (at 0.895 -1.965 270) (size 0.6 1.3) (layers B.Cu B.Paste B.Mask)
      (net 8 Out8))
    (pad 3 smd rect (at 0.895 1.965 270) (size 0.6 1.3) (layers B.Cu B.Paste B.Mask)
      (net 10 GND))
    (pad 2 smd rect (at -0.905 -1.965 270) (size 0.6 1.3) (layers B.Cu B.Paste B.Mask)
      (net 10 GND))
    (pad 1 smd rect (at -0.905 1.965 270) (size 0.6 1.3) (layers B.Cu B.Paste B.Mask)
      (net 18 "Net-(R14-Pad2)"))
  )

  (module warsztaty:KTIR0711S (layer B.Cu) (tedit 56251D2C) (tstamp 608D823F)
    (at 157 104.5 270)
    (path /608B5B03)
    (attr smd)
    (fp_text reference U7 (at -0.219 3.407 90) (layer B.SilkS)
      (effects (font (size 1 1) (thickness 0.15)) (justify mirror))
    )
    (fp_text value KTIR0711S (at -0.092 4.55 90) (layer B.Fab)
      (effects (font (size 1 1) (thickness 0.15)) (justify mirror))
    )
    (fp_line (start -1.405 1.397) (end 1.595 1.397) (layer B.SilkS) (width 0.15))
    (fp_line (start 1.651 1.397) (end 1.651 -1.353) (layer B.SilkS) (width 0.15))
    (fp_line (start -1.905 0.889) (end -1.397 1.397) (layer B.SilkS) (width 0.15))
    (fp_line (start -1.905 -1.397) (end -1.905 0.889) (layer B.SilkS) (width 0.15))
    (fp_line (start 1.651 -1.397) (end -1.905 -1.397) (layer B.SilkS) (width 0.15))
    (pad 4 smd rect (at 0.895 -1.965 270) (size 0.6 1.3) (layers B.Cu B.Paste B.Mask)
      (net 7 Out7))
    (pad 3 smd rect (at 0.895 1.965 270) (size 0.6 1.3) (layers B.Cu B.Paste B.Mask)
      (net 10 GND))
    (pad 2 smd rect (at -0.905 -1.965 270) (size 0.6 1.3) (layers B.Cu B.Paste B.Mask)
      (net 10 GND))
    (pad 1 smd rect (at -0.905 1.965 270) (size 0.6 1.3) (layers B.Cu B.Paste B.Mask)
      (net 17 "Net-(R13-Pad2)"))
  )

  (module warsztaty:KTIR0711S (layer B.Cu) (tedit 56251D2C) (tstamp 608D822F)
    (at 144 101.5 270)
    (path /608BE93D)
    (attr smd)
    (fp_text reference U6 (at -0.219 3.407 90) (layer B.SilkS)
      (effects (font (size 1 1) (thickness 0.15)) (justify mirror))
    )
    (fp_text value KTIR0711S (at -0.092 4.55 90) (layer B.Fab)
      (effects (font (size 1 1) (thickness 0.15)) (justify mirror))
    )
    (fp_line (start -1.405 1.397) (end 1.595 1.397) (layer B.SilkS) (width 0.15))
    (fp_line (start 1.651 1.397) (end 1.651 -1.353) (layer B.SilkS) (width 0.15))
    (fp_line (start -1.905 0.889) (end -1.397 1.397) (layer B.SilkS) (width 0.15))
    (fp_line (start -1.905 -1.397) (end -1.905 0.889) (layer B.SilkS) (width 0.15))
    (fp_line (start 1.651 -1.397) (end -1.905 -1.397) (layer B.SilkS) (width 0.15))
    (pad 4 smd rect (at 0.895 -1.965 270) (size 0.6 1.3) (layers B.Cu B.Paste B.Mask)
      (net 6 Out6))
    (pad 3 smd rect (at 0.895 1.965 270) (size 0.6 1.3) (layers B.Cu B.Paste B.Mask)
      (net 10 GND))
    (pad 2 smd rect (at -0.905 -1.965 270) (size 0.6 1.3) (layers B.Cu B.Paste B.Mask)
      (net 10 GND))
    (pad 1 smd rect (at -0.905 1.965 270) (size 0.6 1.3) (layers B.Cu B.Paste B.Mask)
      (net 16 "Net-(R10-Pad2)"))
  )

  (module warsztaty:KTIR0711S (layer B.Cu) (tedit 56251D2C) (tstamp 608D821F)
    (at 131 98.5 270)
    (path /608B417A)
    (attr smd)
    (fp_text reference U5 (at -0.219 3.407 90) (layer B.SilkS)
      (effects (font (size 1 1) (thickness 0.15)) (justify mirror))
    )
    (fp_text value KTIR0711S (at -0.092 4.55 90) (layer B.Fab)
      (effects (font (size 1 1) (thickness 0.15)) (justify mirror))
    )
    (fp_line (start -1.405 1.397) (end 1.595 1.397) (layer B.SilkS) (width 0.15))
    (fp_line (start 1.651 1.397) (end 1.651 -1.353) (layer B.SilkS) (width 0.15))
    (fp_line (start -1.905 0.889) (end -1.397 1.397) (layer B.SilkS) (width 0.15))
    (fp_line (start -1.905 -1.397) (end -1.905 0.889) (layer B.SilkS) (width 0.15))
    (fp_line (start 1.651 -1.397) (end -1.905 -1.397) (layer B.SilkS) (width 0.15))
    (pad 4 smd rect (at 0.895 -1.965 270) (size 0.6 1.3) (layers B.Cu B.Paste B.Mask)
      (net 5 Out5))
    (pad 3 smd rect (at 0.895 1.965 270) (size 0.6 1.3) (layers B.Cu B.Paste B.Mask)
      (net 10 GND))
    (pad 2 smd rect (at -0.905 -1.965 270) (size 0.6 1.3) (layers B.Cu B.Paste B.Mask)
      (net 10 GND))
    (pad 1 smd rect (at -0.905 1.965 270) (size 0.6 1.3) (layers B.Cu B.Paste B.Mask)
      (net 15 "Net-(R9-Pad2)"))
  )

  (module warsztaty:KTIR0711S (layer B.Cu) (tedit 56251D2C) (tstamp 608D820F)
    (at 118 98.5 270)
    (path /608BE90F)
    (attr smd)
    (fp_text reference U4 (at -0.219 3.407 90) (layer B.SilkS)
      (effects (font (size 1 1) (thickness 0.15)) (justify mirror))
    )
    (fp_text value KTIR0711S (at -0.092 4.55 90) (layer B.Fab)
      (effects (font (size 1 1) (thickness 0.15)) (justify mirror))
    )
    (fp_line (start -1.405 1.397) (end 1.595 1.397) (layer B.SilkS) (width 0.15))
    (fp_line (start 1.651 1.397) (end 1.651 -1.353) (layer B.SilkS) (width 0.15))
    (fp_line (start -1.905 0.889) (end -1.397 1.397) (layer B.SilkS) (width 0.15))
    (fp_line (start -1.905 -1.397) (end -1.905 0.889) (layer B.SilkS) (width 0.15))
    (fp_line (start 1.651 -1.397) (end -1.905 -1.397) (layer B.SilkS) (width 0.15))
    (pad 4 smd rect (at 0.895 -1.965 270) (size 0.6 1.3) (layers B.Cu B.Paste B.Mask)
      (net 4 Out4))
    (pad 3 smd rect (at 0.895 1.965 270) (size 0.6 1.3) (layers B.Cu B.Paste B.Mask)
      (net 10 GND))
    (pad 2 smd rect (at -0.905 -1.965 270) (size 0.6 1.3) (layers B.Cu B.Paste B.Mask)
      (net 10 GND))
    (pad 1 smd rect (at -0.905 1.965 270) (size 0.6 1.3) (layers B.Cu B.Paste B.Mask)
      (net 14 "Net-(R6-Pad2)"))
  )

  (module warsztaty:KTIR0711S (layer B.Cu) (tedit 56251D2C) (tstamp 608D81FF)
    (at 105 101.5 270)
    (path /608B2849)
    (attr smd)
    (fp_text reference U3 (at -0.219 3.407 90) (layer B.SilkS)
      (effects (font (size 1 1) (thickness 0.15)) (justify mirror))
    )
    (fp_text value KTIR0711S (at -0.092 4.55 90) (layer B.Fab)
      (effects (font (size 1 1) (thickness 0.15)) (justify mirror))
    )
    (fp_line (start -1.405 1.397) (end 1.595 1.397) (layer B.SilkS) (width 0.15))
    (fp_line (start 1.651 1.397) (end 1.651 -1.353) (layer B.SilkS) (width 0.15))
    (fp_line (start -1.905 0.889) (end -1.397 1.397) (layer B.SilkS) (width 0.15))
    (fp_line (start -1.905 -1.397) (end -1.905 0.889) (layer B.SilkS) (width 0.15))
    (fp_line (start 1.651 -1.397) (end -1.905 -1.397) (layer B.SilkS) (width 0.15))
    (pad 4 smd rect (at 0.895 -1.965 270) (size 0.6 1.3) (layers B.Cu B.Paste B.Mask)
      (net 3 Out3))
    (pad 3 smd rect (at 0.895 1.965 270) (size 0.6 1.3) (layers B.Cu B.Paste B.Mask)
      (net 10 GND))
    (pad 2 smd rect (at -0.905 -1.965 270) (size 0.6 1.3) (layers B.Cu B.Paste B.Mask)
      (net 10 GND))
    (pad 1 smd rect (at -0.905 1.965 270) (size 0.6 1.3) (layers B.Cu B.Paste B.Mask)
      (net 13 "Net-(R5-Pad2)"))
  )

  (module warsztaty:KTIR0711S (layer B.Cu) (tedit 56251D2C) (tstamp 608D81EF)
    (at 92 104.5 270)
    (path /608BE8E1)
    (attr smd)
    (fp_text reference U2 (at -0.219 3.407 90) (layer B.SilkS)
      (effects (font (size 1 1) (thickness 0.15)) (justify mirror))
    )
    (fp_text value KTIR0711S (at -0.092 4.55 90) (layer B.Fab)
      (effects (font (size 1 1) (thickness 0.15)) (justify mirror))
    )
    (fp_line (start -1.405 1.397) (end 1.595 1.397) (layer B.SilkS) (width 0.15))
    (fp_line (start 1.651 1.397) (end 1.651 -1.353) (layer B.SilkS) (width 0.15))
    (fp_line (start -1.905 0.889) (end -1.397 1.397) (layer B.SilkS) (width 0.15))
    (fp_line (start -1.905 -1.397) (end -1.905 0.889) (layer B.SilkS) (width 0.15))
    (fp_line (start 1.651 -1.397) (end -1.905 -1.397) (layer B.SilkS) (width 0.15))
    (pad 4 smd rect (at 0.895 -1.965 270) (size 0.6 1.3) (layers B.Cu B.Paste B.Mask)
      (net 2 Out2))
    (pad 3 smd rect (at 0.895 1.965 270) (size 0.6 1.3) (layers B.Cu B.Paste B.Mask)
      (net 10 GND))
    (pad 2 smd rect (at -0.905 -1.965 270) (size 0.6 1.3) (layers B.Cu B.Paste B.Mask)
      (net 10 GND))
    (pad 1 smd rect (at -0.905 1.965 270) (size 0.6 1.3) (layers B.Cu B.Paste B.Mask)
      (net 12 "Net-(R2-Pad2)"))
  )

  (module warsztaty:KTIR0711S (layer B.Cu) (tedit 56251D2C) (tstamp 608D81DF)
    (at 79 107.5 270)
    (path /6089F24C)
    (attr smd)
    (fp_text reference U1 (at -0.219 3.407 90) (layer B.SilkS)
      (effects (font (size 1 1) (thickness 0.15)) (justify mirror))
    )
    (fp_text value KTIR0711S (at -0.092 4.55 90) (layer B.Fab)
      (effects (font (size 1 1) (thickness 0.15)) (justify mirror))
    )
    (fp_line (start -1.405 1.397) (end 1.595 1.397) (layer B.SilkS) (width 0.15))
    (fp_line (start 1.651 1.397) (end 1.651 -1.353) (layer B.SilkS) (width 0.15))
    (fp_line (start -1.905 0.889) (end -1.397 1.397) (layer B.SilkS) (width 0.15))
    (fp_line (start -1.905 -1.397) (end -1.905 0.889) (layer B.SilkS) (width 0.15))
    (fp_line (start 1.651 -1.397) (end -1.905 -1.397) (layer B.SilkS) (width 0.15))
    (pad 4 smd rect (at 0.895 -1.965 270) (size 0.6 1.3) (layers B.Cu B.Paste B.Mask)
      (net 1 Out1))
    (pad 3 smd rect (at 0.895 1.965 270) (size 0.6 1.3) (layers B.Cu B.Paste B.Mask)
      (net 10 GND))
    (pad 2 smd rect (at -0.905 -1.965 270) (size 0.6 1.3) (layers B.Cu B.Paste B.Mask)
      (net 10 GND))
    (pad 1 smd rect (at -0.905 1.965 270) (size 0.6 1.3) (layers B.Cu B.Paste B.Mask)
      (net 11 "Net-(R1-Pad2)"))
  )

  (module Connector_PinHeader_2.54mm:PinHeader_2x06_P2.54mm_Vertical (layer F.Cu) (tedit 59FED5CC) (tstamp 608D80BF)
    (at 117.12 126.19 90)
    (descr "Through hole straight pin header, 2x06, 2.54mm pitch, double rows")
    (tags "Through hole pin header THT 2x06 2.54mm double row")
    (path /608C2DE6)
    (fp_text reference J1 (at 1.27 -2.33 90) (layer F.SilkS)
      (effects (font (size 1 1) (thickness 0.15)))
    )
    (fp_text value Conn_02x06_Odd_Even (at 1.27 15.03 90) (layer F.Fab)
      (effects (font (size 1 1) (thickness 0.15)))
    )
    (fp_line (start 4.35 -1.8) (end -1.8 -1.8) (layer F.CrtYd) (width 0.05))
    (fp_line (start 4.35 14.5) (end 4.35 -1.8) (layer F.CrtYd) (width 0.05))
    (fp_line (start -1.8 14.5) (end 4.35 14.5) (layer F.CrtYd) (width 0.05))
    (fp_line (start -1.8 -1.8) (end -1.8 14.5) (layer F.CrtYd) (width 0.05))
    (fp_line (start -1.33 -1.33) (end 0 -1.33) (layer F.SilkS) (width 0.12))
    (fp_line (start -1.33 0) (end -1.33 -1.33) (layer F.SilkS) (width 0.12))
    (fp_line (start 1.27 -1.33) (end 3.87 -1.33) (layer F.SilkS) (width 0.12))
    (fp_line (start 1.27 1.27) (end 1.27 -1.33) (layer F.SilkS) (width 0.12))
    (fp_line (start -1.33 1.27) (end 1.27 1.27) (layer F.SilkS) (width 0.12))
    (fp_line (start 3.87 -1.33) (end 3.87 14.03) (layer F.SilkS) (width 0.12))
    (fp_line (start -1.33 1.27) (end -1.33 14.03) (layer F.SilkS) (width 0.12))
    (fp_line (start -1.33 14.03) (end 3.87 14.03) (layer F.SilkS) (width 0.12))
    (fp_line (start -1.27 0) (end 0 -1.27) (layer F.Fab) (width 0.1))
    (fp_line (start -1.27 13.97) (end -1.27 0) (layer F.Fab) (width 0.1))
    (fp_line (start 3.81 13.97) (end -1.27 13.97) (layer F.Fab) (width 0.1))
    (fp_line (start 3.81 -1.27) (end 3.81 13.97) (layer F.Fab) (width 0.1))
    (fp_line (start 0 -1.27) (end 3.81 -1.27) (layer F.Fab) (width 0.1))
    (fp_text user %R (at 1.27 6.35) (layer F.Fab)
      (effects (font (size 1 1) (thickness 0.15)))
    )
    (pad 1 thru_hole rect (at 0 0 90) (size 1.7 1.7) (drill 1) (layers *.Cu *.Mask)
      (net 4 Out4))
    (pad 2 thru_hole oval (at 2.54 0 90) (size 1.7 1.7) (drill 1) (layers *.Cu *.Mask)
      (net 5 Out5))
    (pad 3 thru_hole oval (at 0 2.54 90) (size 1.7 1.7) (drill 1) (layers *.Cu *.Mask)
      (net 3 Out3))
    (pad 4 thru_hole oval (at 2.54 2.54 90) (size 1.7 1.7) (drill 1) (layers *.Cu *.Mask)
      (net 6 Out6))
    (pad 5 thru_hole oval (at 0 5.08 90) (size 1.7 1.7) (drill 1) (layers *.Cu *.Mask)
      (net 2 Out2))
    (pad 6 thru_hole oval (at 2.54 5.08 90) (size 1.7 1.7) (drill 1) (layers *.Cu *.Mask)
      (net 7 Out7))
    (pad 7 thru_hole oval (at 0 7.62 90) (size 1.7 1.7) (drill 1) (layers *.Cu *.Mask)
      (net 1 Out1))
    (pad 8 thru_hole oval (at 2.54 7.62 90) (size 1.7 1.7) (drill 1) (layers *.Cu *.Mask)
      (net 8 Out8))
    (pad 9 thru_hole oval (at 0 10.16 90) (size 1.7 1.7) (drill 1) (layers *.Cu *.Mask)
      (net 9 +3V3))
    (pad 10 thru_hole oval (at 2.54 10.16 90) (size 1.7 1.7) (drill 1) (layers *.Cu *.Mask)
      (net 10 GND))
    (pad 11 thru_hole oval (at 0 12.7 90) (size 1.7 1.7) (drill 1) (layers *.Cu *.Mask)
      (net 9 +3V3))
    (pad 12 thru_hole oval (at 2.54 12.7 90) (size 1.7 1.7) (drill 1) (layers *.Cu *.Mask)
      (net 10 GND))
    (model ${KISYS3DMOD}/Connector_PinHeader_2.54mm.3dshapes/PinHeader_2x06_P2.54mm_Vertical.wrl
      (at (xyz 0 0 0))
      (scale (xyz 1 1 1))
      (rotate (xyz 0 0 0))
    )
  )

  (module Resistor_SMD:R_0805_2012Metric_Pad1.20x1.40mm_HandSolder (layer B.Cu) (tedit 5F68FEEE) (tstamp 608D817A)
    (at 133.62 103.14 90)
    (descr "Resistor SMD 0805 (2012 Metric), square (rectangular) end terminal, IPC_7351 nominal with elongated pad for handsoldering. (Body size source: IPC-SM-782 page 72, https://www.pcb-3d.com/wordpress/wp-content/uploads/ipc-sm-782a_amendment_1_and_2.pdf), generated with kicad-footprint-generator")
    (tags "resistor handsolder")
    (path /608B4191)
    (attr smd)
    (fp_text reference R11 (at -3 0.26) (layer B.SilkS)
      (effects (font (size 1 1) (thickness 0.15)) (justify mirror))
    )
    (fp_text value 10k (at 0 -1.65 -90) (layer B.Fab)
      (effects (font (size 1 1) (thickness 0.15)) (justify mirror))
    )
    (fp_line (start -1 -0.625) (end -1 0.625) (layer B.Fab) (width 0.1))
    (fp_line (start -1 0.625) (end 1 0.625) (layer B.Fab) (width 0.1))
    (fp_line (start 1 0.625) (end 1 -0.625) (layer B.Fab) (width 0.1))
    (fp_line (start 1 -0.625) (end -1 -0.625) (layer B.Fab) (width 0.1))
    (fp_line (start -0.227064 0.735) (end 0.227064 0.735) (layer B.SilkS) (width 0.12))
    (fp_line (start -0.227064 -0.735) (end 0.227064 -0.735) (layer B.SilkS) (width 0.12))
    (fp_line (start -1.85 -0.95) (end -1.85 0.95) (layer B.CrtYd) (width 0.05))
    (fp_line (start -1.85 0.95) (end 1.85 0.95) (layer B.CrtYd) (width 0.05))
    (fp_line (start 1.85 0.95) (end 1.85 -0.95) (layer B.CrtYd) (width 0.05))
    (fp_line (start 1.85 -0.95) (end -1.85 -0.95) (layer B.CrtYd) (width 0.05))
    (fp_text user %R (at 0 0 -90) (layer B.Fab)
      (effects (font (size 0.5 0.5) (thickness 0.08)) (justify mirror))
    )
    (pad 2 smd roundrect (at 1 0 90) (size 1.2 1.4) (layers B.Cu B.Paste B.Mask) (roundrect_rratio 0.2083325)
      (net 5 Out5))
    (pad 1 smd roundrect (at -1 0 90) (size 1.2 1.4) (layers B.Cu B.Paste B.Mask) (roundrect_rratio 0.2083325)
      (net 9 +3V3))
    (model ${KISYS3DMOD}/Resistor_SMD.3dshapes/R_0805_2012Metric.wrl
      (at (xyz 0 0 0))
      (scale (xyz 1 1 1))
      (rotate (xyz 0 0 0))
    )
  )

  (module Resistor_SMD:R_0805_2012Metric_Pad1.20x1.40mm_HandSolder (layer B.Cu) (tedit 5F68FEEE) (tstamp 608D8158)
    (at 130.88 103.13 90)
    (descr "Resistor SMD 0805 (2012 Metric), square (rectangular) end terminal, IPC_7351 nominal with elongated pad for handsoldering. (Body size source: IPC-SM-782 page 72, https://www.pcb-3d.com/wordpress/wp-content/uploads/ipc-sm-782a_amendment_1_and_2.pdf), generated with kicad-footprint-generator")
    (tags "resistor handsolder")
    (path /608B418B)
    (attr smd)
    (fp_text reference R9 (at -2.8 0.05) (layer B.SilkS)
      (effects (font (size 1 1) (thickness 0.15)) (justify mirror))
    )
    (fp_text value 220 (at 0 -1.65 -90) (layer B.Fab)
      (effects (font (size 1 1) (thickness 0.15)) (justify mirror))
    )
    (fp_line (start 1.85 -0.95) (end -1.85 -0.95) (layer B.CrtYd) (width 0.05))
    (fp_line (start 1.85 0.95) (end 1.85 -0.95) (layer B.CrtYd) (width 0.05))
    (fp_line (start -1.85 0.95) (end 1.85 0.95) (layer B.CrtYd) (width 0.05))
    (fp_line (start -1.85 -0.95) (end -1.85 0.95) (layer B.CrtYd) (width 0.05))
    (fp_line (start -0.227064 -0.735) (end 0.227064 -0.735) (layer B.SilkS) (width 0.12))
    (fp_line (start -0.227064 0.735) (end 0.227064 0.735) (layer B.SilkS) (width 0.12))
    (fp_line (start 1 -0.625) (end -1 -0.625) (layer B.Fab) (width 0.1))
    (fp_line (start 1 0.625) (end 1 -0.625) (layer B.Fab) (width 0.1))
    (fp_line (start -1 0.625) (end 1 0.625) (layer B.Fab) (width 0.1))
    (fp_line (start -1 -0.625) (end -1 0.625) (layer B.Fab) (width 0.1))
    (fp_text user %R (at 0 0 -90) (layer B.Fab)
      (effects (font (size 0.5 0.5) (thickness 0.08)) (justify mirror))
    )
    (pad 1 smd roundrect (at -1 0 90) (size 1.2 1.4) (layers B.Cu B.Paste B.Mask) (roundrect_rratio 0.2083325)
      (net 9 +3V3))
    (pad 2 smd roundrect (at 1 0 90) (size 1.2 1.4) (layers B.Cu B.Paste B.Mask) (roundrect_rratio 0.2083325)
      (net 15 "Net-(R9-Pad2)"))
    (model ${KISYS3DMOD}/Resistor_SMD.3dshapes/R_0805_2012Metric.wrl
      (at (xyz 0 0 0))
      (scale (xyz 1 1 1))
      (rotate (xyz 0 0 0))
    )
  )

  (module Resistor_SMD:R_0805_2012Metric_Pad1.20x1.40mm_HandSolder (layer B.Cu) (tedit 5F68FEEE) (tstamp 608D8147)
    (at 120.62 103.09 90)
    (descr "Resistor SMD 0805 (2012 Metric), square (rectangular) end terminal, IPC_7351 nominal with elongated pad for handsoldering. (Body size source: IPC-SM-782 page 72, https://www.pcb-3d.com/wordpress/wp-content/uploads/ipc-sm-782a_amendment_1_and_2.pdf), generated with kicad-footprint-generator")
    (tags "resistor handsolder")
    (path /608BE926)
    (attr smd)
    (fp_text reference R8 (at -2.9 0.04) (layer B.SilkS)
      (effects (font (size 1 1) (thickness 0.15)) (justify mirror))
    )
    (fp_text value 10k (at 0 -1.65 270) (layer B.Fab)
      (effects (font (size 1 1) (thickness 0.15)) (justify mirror))
    )
    (fp_line (start -1 -0.625) (end -1 0.625) (layer B.Fab) (width 0.1))
    (fp_line (start -1 0.625) (end 1 0.625) (layer B.Fab) (width 0.1))
    (fp_line (start 1 0.625) (end 1 -0.625) (layer B.Fab) (width 0.1))
    (fp_line (start 1 -0.625) (end -1 -0.625) (layer B.Fab) (width 0.1))
    (fp_line (start -0.227064 0.735) (end 0.227064 0.735) (layer B.SilkS) (width 0.12))
    (fp_line (start -0.227064 -0.735) (end 0.227064 -0.735) (layer B.SilkS) (width 0.12))
    (fp_line (start -1.85 -0.95) (end -1.85 0.95) (layer B.CrtYd) (width 0.05))
    (fp_line (start -1.85 0.95) (end 1.85 0.95) (layer B.CrtYd) (width 0.05))
    (fp_line (start 1.85 0.95) (end 1.85 -0.95) (layer B.CrtYd) (width 0.05))
    (fp_line (start 1.85 -0.95) (end -1.85 -0.95) (layer B.CrtYd) (width 0.05))
    (fp_text user %R (at 0 0 270) (layer B.Fab)
      (effects (font (size 0.5 0.5) (thickness 0.08)) (justify mirror))
    )
    (pad 2 smd roundrect (at 1 0 90) (size 1.2 1.4) (layers B.Cu B.Paste B.Mask) (roundrect_rratio 0.2083325)
      (net 4 Out4))
    (pad 1 smd roundrect (at -1 0 90) (size 1.2 1.4) (layers B.Cu B.Paste B.Mask) (roundrect_rratio 0.2083325)
      (net 9 +3V3))
    (model ${KISYS3DMOD}/Resistor_SMD.3dshapes/R_0805_2012Metric.wrl
      (at (xyz 0 0 0))
      (scale (xyz 1 1 1))
      (rotate (xyz 0 0 0))
    )
  )

  (module Resistor_SMD:R_0805_2012Metric_Pad1.20x1.40mm_HandSolder (layer B.Cu) (tedit 5F68FEEE) (tstamp 608D8125)
    (at 118.33 103.11 90)
    (descr "Resistor SMD 0805 (2012 Metric), square (rectangular) end terminal, IPC_7351 nominal with elongated pad for handsoldering. (Body size source: IPC-SM-782 page 72, https://www.pcb-3d.com/wordpress/wp-content/uploads/ipc-sm-782a_amendment_1_and_2.pdf), generated with kicad-footprint-generator")
    (tags "resistor handsolder")
    (path /608BE920)
    (attr smd)
    (fp_text reference R6 (at -2.87 0 180) (layer B.SilkS)
      (effects (font (size 1 1) (thickness 0.15)) (justify mirror))
    )
    (fp_text value 220 (at 0 -1.65 270) (layer B.Fab)
      (effects (font (size 1 1) (thickness 0.15)) (justify mirror))
    )
    (fp_line (start 1.85 -0.95) (end -1.85 -0.95) (layer B.CrtYd) (width 0.05))
    (fp_line (start 1.85 0.95) (end 1.85 -0.95) (layer B.CrtYd) (width 0.05))
    (fp_line (start -1.85 0.95) (end 1.85 0.95) (layer B.CrtYd) (width 0.05))
    (fp_line (start -1.85 -0.95) (end -1.85 0.95) (layer B.CrtYd) (width 0.05))
    (fp_line (start -0.227064 -0.735) (end 0.227064 -0.735) (layer B.SilkS) (width 0.12))
    (fp_line (start -0.227064 0.735) (end 0.227064 0.735) (layer B.SilkS) (width 0.12))
    (fp_line (start 1 -0.625) (end -1 -0.625) (layer B.Fab) (width 0.1))
    (fp_line (start 1 0.625) (end 1 -0.625) (layer B.Fab) (width 0.1))
    (fp_line (start -1 0.625) (end 1 0.625) (layer B.Fab) (width 0.1))
    (fp_line (start -1 -0.625) (end -1 0.625) (layer B.Fab) (width 0.1))
    (fp_text user %R (at 0 0 270) (layer B.Fab)
      (effects (font (size 0.5 0.5) (thickness 0.08)) (justify mirror))
    )
    (pad 1 smd roundrect (at -1 0 90) (size 1.2 1.4) (layers B.Cu B.Paste B.Mask) (roundrect_rratio 0.2083325)
      (net 9 +3V3))
    (pad 2 smd roundrect (at 1 0 90) (size 1.2 1.4) (layers B.Cu B.Paste B.Mask) (roundrect_rratio 0.2083325)
      (net 14 "Net-(R6-Pad2)"))
    (model ${KISYS3DMOD}/Resistor_SMD.3dshapes/R_0805_2012Metric.wrl
      (at (xyz 0 0 0))
      (scale (xyz 1 1 1))
      (rotate (xyz 0 0 0))
    )
  )

  (module Resistor_SMD:R_0805_2012Metric_Pad1.20x1.40mm_HandSolder (layer B.Cu) (tedit 5F68FEEE) (tstamp 608D80D0)
    (at 79.75 112.5 90)
    (descr "Resistor SMD 0805 (2012 Metric), square (rectangular) end terminal, IPC_7351 nominal with elongated pad for handsoldering. (Body size source: IPC-SM-782 page 72, https://www.pcb-3d.com/wordpress/wp-content/uploads/ipc-sm-782a_amendment_1_and_2.pdf), generated with kicad-footprint-generator")
    (tags "resistor handsolder")
    (path /608AA27C)
    (attr smd)
    (fp_text reference R1 (at -2.8 -0.02) (layer B.SilkS)
      (effects (font (size 1 1) (thickness 0.15)) (justify mirror))
    )
    (fp_text value 220 (at 0 -1.65 -90) (layer B.Fab)
      (effects (font (size 1 1) (thickness 0.15)) (justify mirror))
    )
    (fp_line (start 1.85 -0.95) (end -1.85 -0.95) (layer B.CrtYd) (width 0.05))
    (fp_line (start 1.85 0.95) (end 1.85 -0.95) (layer B.CrtYd) (width 0.05))
    (fp_line (start -1.85 0.95) (end 1.85 0.95) (layer B.CrtYd) (width 0.05))
    (fp_line (start -1.85 -0.95) (end -1.85 0.95) (layer B.CrtYd) (width 0.05))
    (fp_line (start -0.227064 -0.735) (end 0.227064 -0.735) (layer B.SilkS) (width 0.12))
    (fp_line (start -0.227064 0.735) (end 0.227064 0.735) (layer B.SilkS) (width 0.12))
    (fp_line (start 1 -0.625) (end -1 -0.625) (layer B.Fab) (width 0.1))
    (fp_line (start 1 0.625) (end 1 -0.625) (layer B.Fab) (width 0.1))
    (fp_line (start -1 0.625) (end 1 0.625) (layer B.Fab) (width 0.1))
    (fp_line (start -1 -0.625) (end -1 0.625) (layer B.Fab) (width 0.1))
    (fp_text user %R (at 0 0 -90) (layer B.Fab)
      (effects (font (size 0.5 0.5) (thickness 0.08)) (justify mirror))
    )
    (pad 1 smd roundrect (at -1 0 90) (size 1.2 1.4) (layers B.Cu B.Paste B.Mask) (roundrect_rratio 0.2083325)
      (net 9 +3V3))
    (pad 2 smd roundrect (at 1 0 90) (size 1.2 1.4) (layers B.Cu B.Paste B.Mask) (roundrect_rratio 0.2083325)
      (net 11 "Net-(R1-Pad2)"))
    (model ${KISYS3DMOD}/Resistor_SMD.3dshapes/R_0805_2012Metric.wrl
      (at (xyz 0 0 0))
      (scale (xyz 1 1 1))
      (rotate (xyz 0 0 0))
    )
  )

  (module Resistor_SMD:R_0805_2012Metric_Pad1.20x1.40mm_HandSolder (layer B.Cu) (tedit 5F68FEEE) (tstamp 608D80E1)
    (at 92.34 109.19 90)
    (descr "Resistor SMD 0805 (2012 Metric), square (rectangular) end terminal, IPC_7351 nominal with elongated pad for handsoldering. (Body size source: IPC-SM-782 page 72, https://www.pcb-3d.com/wordpress/wp-content/uploads/ipc-sm-782a_amendment_1_and_2.pdf), generated with kicad-footprint-generator")
    (tags "resistor handsolder")
    (path /608BE8F2)
    (attr smd)
    (fp_text reference R2 (at -0.01 -1.59 270) (layer B.SilkS)
      (effects (font (size 1 1) (thickness 0.15)) (justify mirror))
    )
    (fp_text value 220 (at 0 -1.65 270) (layer B.Fab)
      (effects (font (size 1 1) (thickness 0.15)) (justify mirror))
    )
    (fp_line (start -1 -0.625) (end -1 0.625) (layer B.Fab) (width 0.1))
    (fp_line (start -1 0.625) (end 1 0.625) (layer B.Fab) (width 0.1))
    (fp_line (start 1 0.625) (end 1 -0.625) (layer B.Fab) (width 0.1))
    (fp_line (start 1 -0.625) (end -1 -0.625) (layer B.Fab) (width 0.1))
    (fp_line (start -0.227064 0.735) (end 0.227064 0.735) (layer B.SilkS) (width 0.12))
    (fp_line (start -0.227064 -0.735) (end 0.227064 -0.735) (layer B.SilkS) (width 0.12))
    (fp_line (start -1.85 -0.95) (end -1.85 0.95) (layer B.CrtYd) (width 0.05))
    (fp_line (start -1.85 0.95) (end 1.85 0.95) (layer B.CrtYd) (width 0.05))
    (fp_line (start 1.85 0.95) (end 1.85 -0.95) (layer B.CrtYd) (width 0.05))
    (fp_line (start 1.85 -0.95) (end -1.85 -0.95) (layer B.CrtYd) (width 0.05))
    (fp_text user %R (at 0 0 270) (layer B.Fab)
      (effects (font (size 0.5 0.5) (thickness 0.08)) (justify mirror))
    )
    (pad 2 smd roundrect (at 1 0 90) (size 1.2 1.4) (layers B.Cu B.Paste B.Mask) (roundrect_rratio 0.2083325)
      (net 12 "Net-(R2-Pad2)"))
    (pad 1 smd roundrect (at -1 0 90) (size 1.2 1.4) (layers B.Cu B.Paste B.Mask) (roundrect_rratio 0.2083325)
      (net 9 +3V3))
    (model ${KISYS3DMOD}/Resistor_SMD.3dshapes/R_0805_2012Metric.wrl
      (at (xyz 0 0 0))
      (scale (xyz 1 1 1))
      (rotate (xyz 0 0 0))
    )
  )

  (module Resistor_SMD:R_0805_2012Metric_Pad1.20x1.40mm_HandSolder (layer B.Cu) (tedit 5F68FEEE) (tstamp 608D80F2)
    (at 82.3 112.5 90)
    (descr "Resistor SMD 0805 (2012 Metric), square (rectangular) end terminal, IPC_7351 nominal with elongated pad for handsoldering. (Body size source: IPC-SM-782 page 72, https://www.pcb-3d.com/wordpress/wp-content/uploads/ipc-sm-782a_amendment_1_and_2.pdf), generated with kicad-footprint-generator")
    (tags "resistor handsolder")
    (path /608AA988)
    (attr smd)
    (fp_text reference R3 (at -2.84 0.02) (layer B.SilkS)
      (effects (font (size 1 1) (thickness 0.15)) (justify mirror))
    )
    (fp_text value 10k (at 0 -1.65 -90) (layer B.Fab)
      (effects (font (size 1 1) (thickness 0.15)) (justify mirror))
    )
    (fp_line (start -1 -0.625) (end -1 0.625) (layer B.Fab) (width 0.1))
    (fp_line (start -1 0.625) (end 1 0.625) (layer B.Fab) (width 0.1))
    (fp_line (start 1 0.625) (end 1 -0.625) (layer B.Fab) (width 0.1))
    (fp_line (start 1 -0.625) (end -1 -0.625) (layer B.Fab) (width 0.1))
    (fp_line (start -0.227064 0.735) (end 0.227064 0.735) (layer B.SilkS) (width 0.12))
    (fp_line (start -0.227064 -0.735) (end 0.227064 -0.735) (layer B.SilkS) (width 0.12))
    (fp_line (start -1.85 -0.95) (end -1.85 0.95) (layer B.CrtYd) (width 0.05))
    (fp_line (start -1.85 0.95) (end 1.85 0.95) (layer B.CrtYd) (width 0.05))
    (fp_line (start 1.85 0.95) (end 1.85 -0.95) (layer B.CrtYd) (width 0.05))
    (fp_line (start 1.85 -0.95) (end -1.85 -0.95) (layer B.CrtYd) (width 0.05))
    (fp_text user %R (at 0 0 -90) (layer B.Fab)
      (effects (font (size 0.5 0.5) (thickness 0.08)) (justify mirror))
    )
    (pad 2 smd roundrect (at 1 0 90) (size 1.2 1.4) (layers B.Cu B.Paste B.Mask) (roundrect_rratio 0.2083325)
      (net 1 Out1))
    (pad 1 smd roundrect (at -1 0 90) (size 1.2 1.4) (layers B.Cu B.Paste B.Mask) (roundrect_rratio 0.2083325)
      (net 9 +3V3))
    (model ${KISYS3DMOD}/Resistor_SMD.3dshapes/R_0805_2012Metric.wrl
      (at (xyz 0 0 0))
      (scale (xyz 1 1 1))
      (rotate (xyz 0 0 0))
    )
  )

  (module Resistor_SMD:R_0805_2012Metric_Pad1.20x1.40mm_HandSolder (layer B.Cu) (tedit 5F68FEEE) (tstamp 608D8103)
    (at 94.88 109.22 90)
